0.00 0.9892 3957.00 3883.00 74.00 3957 3957  3956.00 0.00 0.00 1.00 5.50 1.00 1.00  0.0
0.25 0.9917 3924.00 3771.00 153.00 3924 3924  3923.00 0.00 0.00 1.00 5.50 1.00 1.00  0.0
0.50 0.9890 3881.00 3658.00 223.00 3881 3881  3880.00 0.00 0.00 1.00 5.50 1.00 1.00  0.0
0.75 0.9923 3851.00 3568.00 283.00 3851 3851  3850.00 0.00 0.00 1.00 5.50 1.00 1.00  0.0
1.00 0.9883 3806.00 3455.00 351.00 3806 3806  3805.00 0.00 0.00 1.00 5.50 1.00 1.00  0.0
1.25 0.9905 3770.00 3351.00 419.00 3770 3770  3769.00 0.00 0.00 1.00 5.50 1.00 1.00  0.0
1.50 0.9886 3727.00 3241.00 486.00 3727 3727  3726.00 0.00 0.00 1.00 5.50 1.00 1.00  0.0
1.75 0.9903 3691.00 3130.00 561.00 3691 3691  3690.00 0.00 0.00 1.00 5.50 1.00 1.00  0.0
2.00 0.9894 3652.00 3044.00 608.00 3652 3652  3651.00 0.00 0.00 1.00 5.50 1.00 1.00  0.0
2.25 0.9918 3622.00 2961.00 661.00 3622 3622  3621.00 0.00 0.00 1.00 5.50 1.00 1.00  0.0
2.50 0.9920 3593.00 2864.00 729.00 3593 3593  3592.00 0.00 0.00 1.00 5.50 1.00 1.00  0.0
2.75 0.9878 3549.00 2761.00 788.00 3549 3549  3548.00 0.00 0.00 1.00 5.50 1.00 1.00  0.0
3.00 0.9924 3522.00 2678.00 844.00 3522 3522  3521.00 0.00 0.00 1.00 5.50 1.00 1.00  0.0
3.25 0.9901 3487.00 2599.00 888.00 3487 3487  3486.00 0.00 0.00 1.00 5.50 1.00 1.00  0.0
3.50 0.9917 3458.00 2531.00 927.00 3458 3458  3457.00 0.00 0.00 1.00 5.50 1.00 1.00  0.0
3.75 0.9922 3431.00 2455.00 976.00 3431 3431  3430.00 0.00 0.00 1.00 5.50 1.00 1.00  0.0
4.00 0.9918 3403.00 2357.00 1046.00 3403 3403  3402.00 0.00 0.00 1.00 5.50 1.00 1.00  0.0
4.25 0.9927 3378.00 2285.00 1093.00 3378 3378  3377.00 0.00 0.00 1.00 5.50 1.00 1.00  0.0
4.50 0.9917 3350.00 2206.00 1144.00 3350 3350  3349.00 0.00 0.00 1.00 5.50 1.00 1.00  0.0
4.75 0.9904 3318.00 2128.00 1190.00 3318 3318  3317.00 0.00 0.00 1.00 5.50 1.00 1.00  0.0
5.00 0.9895 3283.00 2049.00 1234.00 3283 3283  3282.00 0.00 0.00 1.00 5.50 1.00 1.00  0.0
5.25 0.9954 3268.00 1978.00 1290.00 3268 3268  3267.00 0.00 0.00 1.00 5.50 1.00 1.00  0.0
5.50 0.9933 3246.00 1919.00 1327.00 3246 3246  3245.00 0.00 0.00 1.00 5.50 1.00 1.00  0.0
5.75 0.9929 3223.00 1857.00 1366.00 3223 3223  3222.00 0.00 0.00 1.00 5.50 1.00 1.00  0.0
6.00 0.9929 3200.00 1783.00 1417.00 3200 3200  3199.00 0.00 0.00 1.00 5.50 1.00 1.00  0.0
6.25 0.9928 3177.00 1717.00 1460.00 3177 3177  3176.00 0.00 0.00 1.00 5.50 1.00 1.00  0.0
6.50 0.9946 3160.00 1649.00 1511.00 3160 3160  3159.00 0.00 0.00 1.00 5.50 1.00 1.00  0.0
6.75 0.9915 3133.00 1591.00 1542.00 3133 3133  3132.00 0.00 0.00 1.00 5.50 1.00 1.00  0.0
7.00 0.9939 3114.00 1549.00 1565.00 3114 3114  3113.00 0.00 0.00 1.00 5.50 1.00 1.00  0.0
7.25 0.9923 3090.00 1483.00 1607.00 3090 3090  3089.00 0.00 0.00 1.00 5.50 1.00 1.00  0.0
7.50 0.9913 3063.00 1439.00 1624.00 3063 3063  3062.00 0.00 0.00 1.00 5.50 1.00 1.00  0.0
7.75 0.9938 3044.00 1393.00 1651.00 3044 3044  3043.00 0.00 0.00 1.00 5.50 1.00 1.00  0.0
8.00 0.9947 3028.00 1354.00 1674.00 3028 3028  3027.00 0.00 0.00 1.00 5.50 1.00 1.00  0.0
8.25 0.9944 3011.00 1313.00 1698.00 3011 3011  3010.00 0.00 0.00 1.00 5.50 1.00 1.00  0.0
8.50 0.9940 2993.00 1266.00 1727.00 2993 2993  2992.00 0.00 0.00 1.00 5.50 1.00 1.00  0.0
8.75 0.9963 2982.00 1219.00 1763.00 2982 2982  2981.00 0.00 0.00 1.00 5.50 1.00 1.00  0.0
9.00 0.9950 2967.00 1182.00 1785.00 2967 2967  2966.00 0.00 0.00 1.00 5.50 1.00 1.00  0.0
9.25 0.9933 2947.00 1138.00 1809.00 2947 2947  2946.00 0.00 0.00 1.00 5.50 1.00 1.00  0.0
9.50 0.9939 2929.00 1090.00 1839.00 2929 2929  2928.00 0.00 0.00 1.00 5.50 1.00 1.00  0.0
9.75 0.9942 2912.00 1053.00 1859.00 2912 2912  2911.00 0.00 0.00 1.00 5.50 1.00 1.00  0.0
10.00 0.9962 2901.00 1017.00 1884.00 2901 2901  2900.00 0.00 0.00 1.00 5.50 1.00 1.00  0.0
10.25 0.9941 2884.00 976.00 1908.00 2884 2884  2883.00 0.00 0.00 1.00 5.50 1.00 1.00  0.0
10.50 0.9941 2867.00 938.00 1929.00 2867 2867  2866.00 0.00 0.00 1.00 5.50 1.00 1.00  0.0
10.75 0.9965 2857.00 908.00 1949.00 2857 2857  2856.00 0.00 0.00 1.00 5.50 1.00 1.00  0.0
11.00 0.9975 2850.00 883.00 1967.00 2850 2850  2849.00 0.00 0.00 1.00 5.50 1.00 1.00  0.0
11.25 0.9919 2827.00 845.00 1982.00 2827 2827  2826.00 0.00 0.00 1.00 5.50 1.00 1.00  0.0
11.50 0.9947 2812.00 813.00 1999.00 2812 2812  2811.00 0.00 0.00 1.00 5.50 1.00 1.00  0.0
11.75 0.9943 2796.00 778.00 2018.00 2796 2796  2795.00 0.00 0.00 1.00 5.50 1.00 1.00  0.0
12.00 0.9954 2783.00 743.00 2040.00 2783 2783  2782.00 0.00 0.00 1.00 5.50 1.00 1.00  0.0
12.25 0.9960 2772.00 710.00 2062.00 2772 2772  2771.00 0.00 0.00 1.00 5.50 1.00 1.00  0.0
12.50 0.9960 2761.00 682.00 2079.00 2761 2761  2760.00 0.00 0.00 1.00 5.50 1.00 1.00  0.0
12.75 0.9957 2749.00 660.00 2089.00 2749 2749  2748.00 0.00 0.00 1.00 5.50 1.00 1.00  0.0
13.00 0.9967 2740.00 628.00 2112.00 2740 2740  2739.00 0.00 0.00 1.00 5.50 1.00 1.00  0.0
13.25 0.9967 2731.00 607.00 2124.00 2731 2731  2730.00 0.00 0.00 1.00 5.50 1.00 1.00  0.0
13.50 0.9967 2722.00 582.00 2140.00 2722 2722  2721.00 0.00 0.00 1.00 5.50 1.00 1.00  0.0
13.75 0.9974 2715.00 556.00 2159.00 2715 2715  2714.00 0.00 0.00 1.00 5.50 1.00 1.00  0.0
14.00 0.9948 2701.00 530.00 2171.00 2701 2701  2700.00 0.00 0.00 1.00 5.50 1.00 1.00  0.0
14.25 0.9952 2688.00 515.00 2173.00 2688 2688  2687.00 0.00 0.00 1.00 5.50 1.00 1.00  0.0
14.50 0.9929 2669.00 486.00 2183.00 2669 2669  2668.00 0.00 0.00 1.00 5.50 1.00 1.00  0.0
14.75 0.9978 2663.00 474.00 2189.00 2663 2663  2662.00 0.00 0.00 1.00 5.50 1.00 1.00  0.0
15.00 0.9959 2652.00 450.00 2202.00 2652 2652  2651.00 0.00 0.00 1.00 5.50 1.00 1.00  0.0
15.25 0.9951 2639.00 434.00 2205.00 2639 2639  2638.00 0.00 0.00 1.00 5.50 1.00 1.00  0.0
15.50 0.9958 2628.00 418.00 2210.00 2628 2628  2627.00 0.00 0.00 1.00 5.50 1.00 1.00  0.0
15.75 0.9951 2615.00 397.00 2218.00 2615 2615  2614.00 0.00 0.00 1.00 5.50 1.00 1.00  0.0
16.00 0.9969 2607.00 383.00 2224.00 2607 2607  2606.00 0.00 0.00 1.00 5.50 1.00 1.00  0.0
16.25 0.9969 2599.00 361.00 2238.00 2599 2599  2598.00 0.00 0.00 1.00 5.50 1.00 1.00  0.0
16.50 0.9973 2592.00 354.00 2238.00 2592 2592  2591.00 0.00 0.00 1.00 5.50 1.00 1.00  0.0
16.75 0.9942 2577.00 337.00 2240.00 2577 2577  2576.00 0.00 0.00 1.00 5.50 1.00 1.00  0.0
17.00 0.9984 2573.00 331.00 2242.00 2573 2573  2572.00 0.00 0.00 1.00 5.50 1.00 1.00  0.0
17.25 0.9984 2569.00 319.00 2250.00 2569 2569  2568.00 0.00 0.00 1.00 5.50 1.00 1.00  0.0
17.50 0.9965 2560.00 307.00 2253.00 2560 2560  2559.00 0.00 0.00 1.00 5.50 1.00 1.00  0.0
17.75 0.9980 2555.00 290.00 2265.00 2555 2555  2554.00 0.00 0.00 1.00 5.50 1.00 1.00  0.0
18.00 0.9977 2549.00 277.00 2272.00 2549 2549  2548.00 0.00 0.00 1.00 5.50 1.00 1.00  0.0
18.25 1.0235 2609.00 400.00 2209.00 2609 2609  2608.00 0.00 0.00 1.00 5.50 1.00 1.00  0.0
18.50 1.0245 2673.00 530.00 2143.00 2673 2673  2672.00 0.00 0.00 1.00 5.51 1.00 1.00  0.0
18.75 1.0224 2733.00 648.00 2085.00 2733 2733  2732.00 0.00 0.00 1.00 5.50 1.00 1.00  0.0
19.00 1.0150 2774.00 730.00 2044.00 2774 2774  2773.00 0.00 0.00 1.00 5.50 1.00 1.00  0.0
19.25 1.0173 2822.00 820.00 2002.00 2822 2822  2821.00 0.00 0.00 1.00 5.50 1.00 1.00  0.0
19.50 1.0167 2869.00 902.00 1967.00 2869 2869  2868.00 0.00 0.00 1.00 5.49 1.00 1.00  0.0
19.75 1.0171 2918.00 994.00 1924.00 2918 2918  2917.00 0.00 0.00 1.00 5.49 1.00 1.00  0.0
20.00 1.0154 2963.00 1079.00 1884.00 2963 2963  2962.00 0.00 0.00 1.00 5.49 1.00 1.00  0.0
20.25 1.0105 2994.00 1121.00 1873.00 2994 2994  2993.00 0.00 0.00 1.00 5.49 1.00 1.00  0.0
20.50 1.0114 3028.00 1184.00 1844.00 3028 3028  3027.00 0.00 0.00 1.00 5.48 1.00 1.00  0.0
20.75 1.0155 3075.00 1260.00 1815.00 3075 3075  3074.00 0.00 0.00 1.00 5.48 1.00 1.00  0.0
21.00 1.0098 3105.00 1318.00 1787.00 3105 3105  3104.00 0.00 0.00 1.00 5.49 1.00 1.00  0.0
21.25 1.0110 3139.00 1382.00 1757.00 3139 3139  3138.00 0.00 0.00 1.00 5.49 1.00 1.00  0.0
21.50 1.0073 3162.00 1412.00 1750.00 3162 3162  3161.00 0.00 0.00 1.00 5.49 1.00 0.99  0.0
21.75 1.0044 3176.00 1435.00 1741.00 3176 3176  3175.00 0.00 0.00 1.00 5.49 1.00 0.99  0.0
22.00 1.0072 3199.00 1476.00 1723.00 3199 3199  3198.00 0.00 0.00 1.00 5.49 1.00 0.99  0.0
22.25 1.0141 3244.00 1559.00 1685.00 3244 3244  3243.00 0.00 0.00 1.00 5.48 1.00 0.99  0.0
22.50 1.0065 3265.00 1592.00 1673.00 3265 3265  3264.00 0.00 0.00 1.00 5.48 1.00 0.99  0.0
22.75 1.0098 3297.00 1633.00 1664.00 3297 3297  3296.00 0.00 0.00 1.00 5.49 1.00 0.99  0.0
23.00 1.0064 3318.00 1643.00 1675.00 3318 3318  3317.00 0.00 0.00 1.00 5.49 1.00 0.99  0.0
23.25 1.0072 3342.00 1667.00 1675.00 3342 3342  3341.00 0.00 0.00 1.00 5.49 1.00 0.99  0.0
23.50 1.0087 3371.00 1721.00 1650.00 3371 3371  3370.00 0.00 0.00 1.00 5.49 1.00 0.99  0.0
23.75 1.0036 3383.00 1728.00 1655.00 3383 3383  3382.00 0.00 0.00 1.00 5.49 1.00 0.99  0.0
24.00 1.0041 3397.00 1731.00 1666.00 3397 3397  3396.00 0.00 0.00 1.00 5.49 1.00 0.99  0.0
24.25 1.0062 3418.00 1759.00 1659.00 3418 3418  3417.00 0.00 0.00 1.00 5.49 1.00 0.99  0.0
24.50 1.0044 3433.00 1770.00 1663.00 3433 3433  3432.00 0.00 0.00 1.00 5.49 1.00 0.99  0.0
24.75 1.0055 3452.00 1792.00 1660.00 3452 3452  3451.00 0.00 0.00 1.00 5.48 1.00 0.99  0.0
25.00 1.0029 3462.00 1796.00 1666.00 3462 3462  3461.00 0.00 0.00 1.00 5.48 1.00 0.99  0.0
25.25 1.0003 3463.00 1781.00 1682.00 3463 3463  3462.00 0.00 0.00 1.00 5.48 1.00 0.99  0.0
25.50 1.0046 3479.00 1809.00 1670.00 3479 3479  3478.00 0.00 0.00 1.00 5.49 1.00 0.99  0.0
25.75 0.9994 3477.00 1782.00 1695.00 3477 3477  3476.00 0.00 0.00 1.00 5.49 1.00 0.99  0.0
26.00 1.0000 3477.00 1772.00 1705.00 3477 3477  3476.00 0.00 0.00 1.00 5.49 1.00 0.99  0.0
26.25 1.0003 3478.00 1766.00 1712.00 3478 3478  3477.00 0.00 0.00 1.00 5.49 1.00 0.99  0.0
26.50 1.0014 3483.00 1755.00 1728.00 3483 3483  3482.00 0.00 0.00 1.00 5.49 1.00 0.99  0.0
26.75 1.0055 3502.00 1772.00 1730.00 3502 3502  3501.00 0.00 0.00 1.00 5.49 1.00 0.99  0.0
27.00 1.0051 3520.00 1784.00 1736.00 3520 3520  3519.00 0.00 0.00 1.00 5.50 1.00 0.99  0.0
27.25 1.0006 3522.00 1778.00 1744.00 3522 3522  3521.00 0.00 0.00 1.00 5.50 1.00 0.99  0.0
27.50 1.0014 3527.00 1774.00 1753.00 3527 3527  3526.00 0.00 0.00 1.00 5.50 1.00 0.99  0.0
27.75 1.0017 3533.00 1788.00 1745.00 3533 3533  3532.00 0.00 0.00 1.00 5.50 1.00 0.99  0.0
28.00 1.0000 3533.00 1769.00 1764.00 3533 3533  3532.00 0.00 0.00 1.00 5.50 1.00 0.99  0.0
28.25 0.9983 3527.00 1746.00 1781.00 3527 3527  3526.00 0.00 0.00 1.00 5.50 1.00 0.99  0.0
28.50 0.9991 3524.00 1734.00 1790.00 3524 3524  3523.00 0.00 0.00 1.00 5.50 1.00 0.99  0.0
28.75 1.0011 3528.00 1723.00 1805.00 3528 3528  3527.00 0.00 0.00 1.00 5.50 1.00 0.99  0.0
29.00 0.9966 3516.00 1696.00 1820.00 3516 3516  3515.00 0.00 0.00 1.00 5.50 1.00 0.99  0.0
29.25 0.9997 3515.00 1671.00 1844.00 3515 3515  3514.00 0.00 0.00 1.00 5.50 1.00 0.99  0.0
29.50 0.9974 3506.00 1632.00 1874.00 3506 3506  3505.00 0.00 0.00 1.00 5.50 1.00 0.99  0.0
29.75 0.9997 3505.00 1620.00 1885.00 3505 3505  3504.00 0.00 0.00 1.00 5.50 1.00 0.99  0.0
30.00 1.0009 3508.00 1616.00 1892.00 3508 3508  3507.00 0.00 0.00 1.00 5.50 1.00 0.99  0.0
30.25 1.0037 3521.00 1622.00 1899.00 3521 3521  3520.00 0.00 0.00 1.00 5.51 1.00 0.99  0.0
30.50 1.0009 3524.00 1604.00 1920.00 3524 3524  3523.00 0.00 0.00 1.00 5.51 1.00 0.98  0.0
30.75 1.0006 3526.00 1592.00 1934.00 3526 3526  3525.00 0.00 0.00 1.00 5.51 1.00 0.98  0.0
31.00 0.9983 3520.00 1564.00 1956.00 3520 3520  3519.00 0.00 0.00 1.00 5.51 1.00 0.98  0.0
31.25 1.0037 3533.00 1576.00 1957.00 3533 3533  3532.00 0.00 0.00 1.00 5.51 1.00 0.98  0.0
31.50 0.9986 3528.00 1549.00 1979.00 3528 3528  3527.00 0.00 0.00 1.00 5.51 1.00 0.98  0.0
31.75 0.9986 3523.00 1531.00 1992.00 3523 3523  3522.00 0.00 0.00 1.00 5.51 1.00 0.98  0.0
32.00 0.9991 3520.00 1506.00 2014.00 3520 3520  3519.00 0.00 0.00 1.00 5.51 1.00 0.98  0.0
32.25 1.0006 3522.00 1498.00 2024.00 3522 3522  3521.00 0.00 0.00 1.00 5.50 1.00 0.98  0.0
32.50 0.9969 3511.00 1466.00 2045.00 3511 3511  3510.00 0.00 0.00 1.00 5.50 1.00 0.98  0.0
32.75 0.9957 3496.00 1441.00 2055.00 3496 3496  3495.00 0.00 0.00 1.00 5.50 1.00 0.98  0.0
33.00 0.9963 3483.00 1404.00 2079.00 3483 3483  3482.00 0.00 0.00 1.00 5.50 1.00 0.98  0.0
33.25 0.9991 3480.00 1384.00 2096.00 3480 3480  3479.00 0.00 0.00 1.00 5.50 1.00 0.98  0.0
33.50 0.9948 3462.00 1348.00 2114.00 3462 3462  3461.00 0.00 0.00 1.00 5.51 1.00 0.98  0.0
33.75 0.9980 3455.00 1317.00 2138.00 3455 3455  3454.00 0.00 0.00 1.00 5.51 1.00 0.98  0.0
34.00 0.9974 3446.00 1293.00 2153.00 3446 3446  3445.00 0.00 0.00 1.00 5.51 1.00 0.98  0.0
34.25 0.9994 3444.00 1271.00 2173.00 3444 3444  3443.00 0.00 0.00 1.00 5.50 1.00 0.98  0.0
34.50 1.0003 3445.00 1271.00 2174.00 3445 3445  3444.00 0.00 0.00 1.00 5.51 1.00 0.98  0.0
34.75 0.9951 3428.00 1230.00 2198.00 3428 3428  3427.00 0.00 0.00 1.00 5.51 1.00 0.98  0.0
35.00 0.9988 3424.00 1206.00 2218.00 3424 3424  3423.00 0.00 0.00 1.00 5.51 1.00 0.98  0.0
35.25 0.9974 3415.00 1183.00 2232.00 3415 3415  3414.00 0.00 0.00 1.00 5.51 1.00 0.98  0.0
35.50 0.9965 3403.00 1164.00 2239.00 3403 3403  3402.00 0.00 0.00 1.00 5.51 1.00 0.98  0.0
35.75 0.9976 3395.00 1141.00 2254.00 3395 3395  3394.00 0.00 0.00 1.00 5.51 1.00 0.98  0.0
36.00 0.9991 3392.00 1118.00 2274.00 3392 3392  3391.00 0.00 0.00 1.00 5.51 1.00 0.98  0.0
36.25 0.9973 3383.00 1099.00 2284.00 3383 3383  3382.00 0.00 0.00 1.00 5.51 1.00 0.98  0.0
36.50 0.9997 3382.00 1084.00 2298.00 3382 3382  3381.00 0.00 0.00 1.00 5.51 1.00 0.98  0.0
36.75 0.9941 3362.00 1056.00 2306.00 3362 3362  3361.00 0.00 0.00 1.00 5.51 1.00 0.98  0.0
37.00 0.9991 3359.00 1042.00 2317.00 3359 3359  3358.00 0.00 0.00 1.00 5.51 1.00 0.98  0.0
37.25 1.0012 3363.00 1027.00 2336.00 3363 3363  3362.00 0.00 0.00 1.00 5.51 1.00 0.98  0.0
37.50 1.0012 3367.00 1025.00 2342.00 3367 3367  3366.00 0.00 0.00 1.00 5.51 1.00 0.98  0.0
37.75 0.9997 3366.00 1015.00 2351.00 3366 3366  3365.00 0.00 0.00 1.00 5.51 1.00 0.98  0.0
38.00 1.0009 3369.00 1016.00 2353.00 3369 3369  3368.00 0.00 0.00 1.00 5.51 1.00 0.98  0.0
38.25 1.0027 3378.00 1033.00 2345.00 3378 3378  3377.00 0.00 0.00 1.00 5.51 1.00 0.98  0.0
38.50 1.0059 3398.00 1059.00 2339.00 3398 3398  3397.00 0.00 0.00 1.00 5.51 1.00 0.98  0.0
38.75 1.0009 3401.00 1067.00 2334.00 3401 3401  3400.00 0.00 0.00 1.00 5.51 1.00 0.98  0.0
39.00 1.0015 3406.00 1067.00 2339.00 3406 3406  3405.00 0.00 0.00 1.00 5.51 1.00 0.98  0.0
39.25 1.0003 3407.00 1073.00 2334.00 3407 3407  3406.00 0.00 0.00 1.00 5.51 1.00 0.98  0.0
39.50 1.0021 3414.00 1081.00 2333.00 3414 3414  3413.00 0.00 0.00 1.00 5.51 1.00 0.98  0.0
39.75 1.0050 3431.00 1115.00 2316.00 3431 3431  3430.00 0.00 0.00 1.00 5.52 1.00 0.98  0.0
40.00 1.0017 3437.00 1123.00 2314.00 3437 3437  3436.00 0.00 0.00 1.00 5.52 1.00 0.98  0.0
40.25 1.0012 3441.00 1137.00 2304.00 3441 3441  3440.00 0.00 0.00 1.00 5.52 1.00 0.98  0.0
40.50 1.0029 3451.00 1153.00 2298.00 3451 3451  3450.00 0.00 0.00 1.00 5.52 1.00 0.98  0.0
40.75 1.0035 3463.00 1163.00 2300.00 3463 3463  3462.00 0.00 0.00 1.00 5.52 1.00 0.98  0.0
41.00 1.0072 3488.00 1195.00 2293.00 3488 3488  3487.00 0.00 0.00 1.00 5.52 1.00 0.98  0.0
41.25 1.0072 3513.00 1240.00 2273.00 3513 3513  3512.00 0.00 0.00 1.00 5.52 1.00 0.98  0.0
41.50 1.0057 3533.00 1265.00 2268.00 3533 3533  3532.00 0.00 0.00 1.00 5.52 1.00 0.98  0.0
41.75 1.0023 3541.00 1274.00 2267.00 3541 3541  3540.00 0.00 0.00 1.00 5.52 1.00 0.98  0.0
42.00 1.0054 3560.00 1304.00 2256.00 3560 3560  3559.00 0.00 0.00 1.00 5.52 1.00 0.98  0.0
42.25 1.0070 3585.00 1344.00 2241.00 3585 3585  3584.00 0.00 0.00 1.00 5.52 1.00 0.98  0.0
42.50 1.0070 3610.00 1380.00 2230.00 3610 3610  3609.00 0.00 0.00 1.00 5.51 1.00 0.98  0.0
42.75 1.0053 3629.00 1414.00 2215.00 3629 3629  3628.00 0.00 0.00 1.00 5.51 1.00 0.98  0.0
43.00 1.0061 3651.00 1440.00 2211.00 3651 3651  3650.00 0.00 0.00 1.00 5.51 1.00 0.98  0.0
43.25 1.0022 3659.00 1447.00 2212.00 3659 3659  3658.00 0.00 0.00 1.00 5.51 1.00 0.98  0.0
43.50 1.0052 3678.00 1461.00 2217.00 3678 3678  3677.00 0.00 0.00 1.00 5.52 1.00 0.98  0.0
43.75 1.0005 3680.00 1465.00 2215.00 3680 3680  3679.00 0.00 0.00 1.00 5.52 1.00 0.98  0.0
44.00 1.0068 3705.00 1506.00 2199.00 3705 3705  3704.00 0.00 0.00 1.00 5.52 1.00 0.98  0.0
44.25 1.0032 3717.00 1519.00 2198.00 3717 3717  3716.00 0.00 0.00 1.00 5.52 1.00 0.98  0.0
44.50 1.0011 3721.00 1521.00 2200.00 3721 3721  3720.00 0.00 0.00 1.00 5.52 1.00 0.98  0.0
44.75 1.0056 3742.00 1544.00 2198.00 3742 3742  3741.00 0.00 0.00 1.00 5.52 1.00 0.98  0.0
45.00 1.0043 3758.00 1572.00 2186.00 3758 3758  3757.00 0.00 0.00 1.00 5.52 1.00 0.98  0.0
45.25 1.0040 3773.00 1586.00 2187.00 3773 3773  3772.00 0.00 0.00 1.00 5.52 1.00 0.98  0.0
45.50 1.0008 3776.00 1577.00 2199.00 3776 3776  3775.00 0.00 0.00 1.00 5.52 1.00 0.98  0.0
45.75 1.0021 3784.00 1578.00 2206.00 3784 3784  3783.00 0.00 0.00 1.00 5.52 1.00 0.98  0.0
46.00 1.0024 3793.00 1583.00 2210.00 3793 3793  3792.00 0.00 0.00 1.00 5.51 1.00 0.98  0.0
46.25 1.0029 3804.00 1603.00 2201.00 3804 3804  3803.00 0.00 0.00 1.00 5.52 1.00 0.98  0.0
46.50 1.0060 3827.00 1636.00 2191.00 3827 3827  3826.00 0.00 0.00 1.00 5.52 1.00 0.98  0.0
46.75 1.0010 3831.00 1643.00 2188.00 3831 3831  3830.00 0.00 0.00 1.00 5.52 1.00 0.98  0.0
47.00 1.0013 3836.00 1647.00 2189.00 3836 3836  3835.00 0.00 0.00 1.00 5.52 1.00 0.98  0.0
47.25 1.0044 3853.00 1675.00 2178.00 3853 3853  3852.00 0.00 0.00 1.00 5.52 1.00 0.98  0.0
47.50 1.0034 3866.00 1698.00 2168.00 3866 3866  3865.00 0.00 0.00 1.00 5.52 1.00 0.98  0.0
47.75 1.0075 3895.00 1739.00 2156.00 3895 3895  3894.00 0.00 0.00 1.00 5.52 1.00 0.98  0.0
48.00 1.0026 3905.00 1753.00 2152.00 3905 3905  3904.00 0.00 0.00 1.00 5.52 1.00 0.98  0.0
48.25 1.0013 3910.00 1757.00 2153.00 3910 3910  3909.00 0.00 0.00 1.00 5.51 1.00 0.98  0.0
48.50 1.0018 3917.00 1758.00 2159.00 3917 3917  3916.00 0.00 0.00 1.00 5.51 1.00 0.98  0.0
48.75 1.0041 3933.00 1780.00 2153.00 3933 3933  3932.00 0.00 0.00 1.00 5.51 1.00 0.98  0.0
49.00 1.0033 3946.00 1783.00 2163.00 3946 3946  3945.00 0.00 0.00 1.00 5.51 1.00 0.98  0.0
49.25 1.0025 3956.00 1789.00 2167.00 3956 3956  3955.00 0.00 0.00 1.00 5.51 1.00 0.98  0.0
49.50 1.0000 3956.00 1782.00 2174.00 3956 3956  3955.00 0.00 0.00 1.00 5.51 1.00 0.98  0.0
49.75 1.0020 3964.00 1774.00 2190.00 3964 3964  3963.00 0.00 0.00 1.00 5.51 1.00 0.98  0.0
50.00 0.9985 3958.00 1763.00 2195.00 3958 3958  3957.00 0.00 0.00 1.00 5.52 1.00 0.98  0.0
50.25 1.0033 3971.00 1780.00 2191.00 3971 3971  3970.00 0.00 0.00 1.00 5.52 1.00 0.98  0.0
50.50 0.9982 3964.00 1777.00 2187.00 3964 3964  3963.00 0.00 0.00 1.00 5.52 1.00 0.98  0.0
50.75 1.0030 3976.00 1793.00 2183.00 3976 3976  3975.00 0.00 0.00 1.00 5.52 1.00 0.98  0.0
51.00 1.0005 3978.00 1780.00 2198.00 3978 3978  3977.00 0.00 0.00 1.00 5.52 1.00 0.98  0.0
51.25 1.0018 3985.00 1768.00 2217.00 3985 3985  3984.00 0.00 0.00 1.00 5.52 1.00 0.98  0.0
51.50 1.0013 3990.00 1760.00 2230.00 3990 3990  3989.00 0.00 0.00 1.00 5.52 1.00 0.98  0.0
51.75 1.0015 3996.00 1761.00 2235.00 3996 3996  3995.00 0.00 0.00 1.00 5.52 1.00 0.98  0.0
52.00 1.0018 4003.00 1754.00 2249.00 4003 4003  4002.00 0.00 0.00 1.00 5.52 1.00 0.98  0.0
52.25 1.0012 4008.00 1750.00 2258.00 4008 4008  4007.00 0.00 0.00 1.00 5.52 1.00 0.98  0.0
52.50 1.0005 4010.00 1733.00 2277.00 4010 4010  4009.00 0.00 0.00 1.00 5.52 1.00 0.98  0.0
52.75 0.9998 4009.00 1722.00 2287.00 4009 4009  4008.00 0.00 0.00 1.00 5.52 1.00 0.98  0.0
53.00 1.0010 4013.00 1722.00 2291.00 4013 4013  4012.00 0.00 0.00 1.00 5.52 1.00 0.98  0.0
53.25 1.0020 4021.00 1709.00 2312.00 4021 4021  4020.00 0.00 0.00 1.00 5.52 1.00 0.98  0.0
53.50 0.9975 4011.00 1686.00 2325.00 4011 4011  4010.00 0.00 0.00 1.00 5.52 1.00 0.98  0.0
53.75 1.0000 4011.00 1665.00 2346.00 4011 4011  4010.00 0.00 0.00 1.00 5.52 1.00 0.98  0.0
54.00 1.0007 4014.00 1665.00 2349.00 4014 4014  4013.00 0.00 0.00 1.00 5.52 1.00 0.98  0.0
54.25 1.0007 4017.00 1658.00 2359.00 4017 4017  4016.00 0.00 0.00 1.00 5.52 1.00 0.98  0.0
54.50 1.0020 4025.00 1648.00 2377.00 4025 4025  4024.00 0.00 0.00 1.00 5.52 1.00 0.98  0.0
54.75 0.9985 4019.00 1630.00 2389.00 4019 4019  4018.00 0.00 0.00 1.00 5.51 1.00 0.98  0.0
55.00 0.9993 4016.00 1609.00 2407.00 4016 4016  4015.00 0.00 0.00 1.00 5.52 1.00 0.98  0.0
55.25 0.9990 4012.00 1597.00 2415.00 4012 4012  4011.00 0.00 0.00 1.00 5.52 1.00 0.98  0.0
55.50 1.0055 4034.00 1622.00 2412.00 4034 4034  4033.00 0.00 0.00 1.00 5.51 1.00 0.98  0.0
55.75 1.0020 4042.00 1624.00 2418.00 4042 4042  4041.00 0.00 0.00 1.00 5.51 1.00 0.98  0.0
56.00 0.9998 4041.00 1613.00 2428.00 4041 4041  4040.00 0.00 0.00 1.00 5.51 1.00 0.98  0.0
56.25 0.9988 4036.00 1593.00 2443.00 4036 4036  4035.00 0.00 0.00 1.00 5.51 1.00 0.98  0.0
56.50 0.9973 4025.00 1577.00 2448.00 4025 4025  4024.00 0.00 0.00 1.00 5.51 1.00 0.98  0.0
56.75 1.0015 4031.00 1576.00 2455.00 4031 4031  4030.00 0.00 0.00 1.00 5.51 1.00 0.98  0.0
57.00 0.9988 4026.00 1562.00 2464.00 4026 4026  4025.00 0.00 0.00 1.00 5.51 1.00 0.98  0.0
57.25 1.0002 4027.00 1555.00 2472.00 4027 4027  4026.00 0.00 0.00 1.00 5.51 1.00 0.98  0.0
57.50 0.9995 4025.00 1546.00 2479.00 4025 4025  4024.00 0.00 0.00 1.00 5.52 1.00 0.98  0.0
57.75 0.9995 4023.00 1535.00 2488.00 4023 4023  4022.00 0.00 0.00 1.00 5.52 1.00 0.98  0.0
58.00 0.9998 4022.00 1520.00 2502.00 4022 4022  4021.00 0.00 0.00 1.00 5.52 1.01 0.98  0.0
58.25 0.9985 4016.00 1516.00 2500.00 4016 4016  4015.00 0.00 0.00 1.00 5.52 1.01 0.98  0.0
58.50 0.9983 4009.00 1502.00 2507.00 4009 4009  4008.00 0.00 0.00 1.00 5.52 1.01 0.98  0.0
58.75 0.9985 4003.00 1487.00 2516.00 4003 4003  4002.00 0.00 0.00 1.00 5.52 1.00 0.98  0.0
59.00 1.0002 4004.00 1485.00 2519.00 4004 4004  4003.00 0.00 0.00 1.00 5.51 1.01 0.98  0.0
59.25 1.0027 4015.00 1487.00 2528.00 4015 4015  4014.00 0.00 0.00 1.00 5.51 1.01 0.98  0.0
59.50 1.0005 4017.00 1487.00 2530.00 4017 4017  4016.00 0.00 0.00 1.00 5.51 1.01 0.98  0.0
59.75 1.0020 4025.00 1499.00 2526.00 4025 4025  4024.00 0.00 0.00 1.00 5.51 1.01 0.98  0.0
60.00 0.9995 4023.00 1493.00 2530.00 4023 4023  4022.00 0.00 0.00 1.00 5.51 1.01 0.98  0.0
60.25 1.0020 4031.00 1493.00 2538.00 4031 4031  4030.00 0.00 0.00 1.00 5.51 1.01 0.98  0.0
60.50 1.0002 4032.00 1492.00 2540.00 4032 4032  4031.00 0.00 0.00 1.00 5.51 1.01 0.98  0.0
60.75 1.0000 4032.00 1480.00 2552.00 4032 4032  4031.00 0.00 0.00 1.00 5.51 1.01 0.98  0.0
61.00 1.0012 4037.00 1485.00 2552.00 4037 4037  4036.00 0.00 0.00 1.00 5.51 1.01 0.98  0.0
61.25 1.0022 4046.00 1494.00 2552.00 4046 4046  4045.00 0.00 0.00 1.00 5.51 1.01 0.98  0.0
61.50 1.0040 4062.00 1510.00 2552.00 4062 4062  4061.00 0.00 0.00 1.00 5.51 1.01 0.98  0.0
61.75 1.0057 4085.00 1550.00 2535.00 4085 4085  4084.00 0.00 0.00 1.00 5.51 1.01 0.98  0.0
62.00 1.0007 4088.00 1558.00 2530.00 4088 4088  4087.00 0.00 0.00 1.00 5.51 1.01 0.98  0.0
62.25 0.9993 4085.00 1549.00 2536.00 4085 4085  4084.00 0.00 0.00 1.00 5.51 1.01 0.98  0.0
62.50 1.0029 4097.00 1558.00 2539.00 4097 4097  4096.00 0.00 0.00 1.00 5.51 1.01 0.98  0.0
62.75 1.0037 4112.00 1577.00 2535.00 4112 4112  4111.00 0.00 0.00 1.00 5.51 1.01 0.98  0.0
63.00 1.0061 4137.00 1590.00 2547.00 4137 4137  4136.00 0.00 0.00 1.00 5.51 1.01 0.98  0.0
63.25 0.9995 4135.00 1573.00 2562.00 4135 4135  4134.00 0.00 0.00 1.00 5.51 1.01 0.98  0.0
63.50 1.0012 4140.00 1574.00 2566.00 4140 4140  4139.00 0.00 0.00 1.00 5.51 1.01 0.98  0.0
63.75 1.0014 4146.00 1587.00 2559.00 4146 4146  4145.00 0.00 0.00 1.00 5.51 1.01 0.98  0.0
64.00 1.0031 4159.00 1604.00 2555.00 4159 4159  4158.00 0.00 0.00 1.00 5.51 1.01 0.98  0.0
64.25 1.0029 4171.00 1625.00 2546.00 4171 4171  4170.00 0.00 0.00 1.00 5.51 1.01 0.98  0.0
64.50 1.0017 4178.00 1629.00 2549.00 4178 4178  4177.00 0.00 0.00 1.00 5.51 1.01 0.98  0.0
64.75 1.0026 4189.00 1642.00 2547.00 4189 4189  4188.00 0.00 0.00 1.00 5.51 1.01 0.98  0.0
65.00 1.0019 4197.00 1654.00 2543.00 4197 4197  4196.00 0.00 0.00 1.00 5.51 1.01 0.98  0.0
65.25 1.0014 4203.00 1662.00 2541.00 4203 4203  4202.00 0.00 0.00 1.00 5.51 1.01 0.98  0.0
65.50 1.0021 4212.00 1691.00 2521.00 4212 4212  4211.00 0.00 0.00 1.00 5.50 1.01 0.98  0.0
65.75 1.0014 4218.00 1692.00 2526.00 4218 4218  4217.00 0.00 0.00 1.00 5.50 1.01 0.98  0.0
66.00 1.0005 4220.00 1691.00 2529.00 4220 4220  4219.00 0.00 0.00 1.00 5.50 1.01 0.98  0.0
66.25 1.0005 4222.00 1688.00 2534.00 4222 4222  4221.00 0.00 0.00 1.00 5.50 1.01 0.98  0.0
66.50 1.0033 4236.00 1700.00 2536.00 4236 4236  4235.00 0.00 0.00 1.00 5.50 1.01 0.98  0.0
66.75 1.0031 4249.00 1719.00 2530.00 4249 4249  4248.00 0.00 0.00 1.00 5.50 1.01 0.98  0.0
67.00 1.0016 4256.00 1719.00 2537.00 4256 4256  4255.00 0.00 0.00 1.00 5.50 1.01 0.98  0.0
67.25 1.0012 4261.00 1731.00 2530.00 4261 4261  4260.00 0.00 0.00 1.00 5.50 1.01 0.98  0.0
67.50 1.0049 4282.00 1761.00 2521.00 4282 4282  4281.00 0.00 0.00 1.00 5.50 1.01 0.98  0.0
67.75 1.0014 4288.00 1753.00 2535.00 4288 4288  4287.00 0.00 0.00 1.00 5.50 1.01 0.98  0.0
68.00 1.0061 4314.00 1790.00 2524.00 4314 4314  4313.00 0.00 0.00 1.00 5.50 1.01 0.98  0.0
68.25 1.0042 4332.00 1816.00 2516.00 4332 4332  4331.00 0.00 0.00 1.00 5.50 1.01 0.98  0.0
68.50 1.0005 4334.00 1812.00 2522.00 4334 4334  4333.00 0.00 0.00 1.00 5.50 1.01 0.98  0.0
68.75 1.0002 4335.00 1791.00 2544.00 4335 4335  4334.00 0.00 0.00 1.00 5.50 1.01 0.98  0.0
69.00 1.0007 4338.00 1787.00 2551.00 4338 4338  4337.00 0.00 0.00 1.00 5.50 1.01 0.98  0.0
69.25 1.0035 4353.00 1810.00 2543.00 4353 4353  4352.00 0.00 0.00 1.00 5.51 1.01 0.98  0.0
69.50 1.0030 4366.00 1854.00 2512.00 4366 4366  4365.00 0.00 0.00 1.00 5.51 1.01 0.98  0.0
69.75 1.0018 4374.00 1865.00 2509.00 4374 4374  4373.00 0.00 0.00 1.00 5.50 1.01 0.98  0.0
70.00 1.0034 4389.00 1872.00 2517.00 4389 4389  4388.00 0.00 0.00 1.00 5.51 1.01 0.98  0.0
70.25 1.0025 4400.00 1892.00 2508.00 4400 4400  4399.00 0.00 0.00 1.00 5.51 1.01 0.98  0.0
70.50 1.0016 4407.00 1891.00 2516.00 4407 4407  4406.00 0.00 0.00 1.00 5.51 1.01 0.98  0.0
70.75 1.0039 4424.00 1916.00 2508.00 4424 4424  4423.00 0.00 0.00 1.00 5.50 1.01 0.98  0.0
71.00 1.0034 4439.00 1914.00 2525.00 4439 4439  4438.00 0.00 0.00 1.00 5.50 1.01 0.98  0.0
71.25 1.0032 4453.00 1924.00 2529.00 4453 4453  4452.00 0.00 0.00 1.00 5.50 1.01 0.98  0.0
71.50 1.0029 4466.00 1953.00 2513.00 4466 4466  4465.00 0.00 0.00 1.00 5.50 1.01 0.98  0.0
71.75 1.0022 4476.00 1973.00 2503.00 4476 4476  4475.00 0.00 0.00 1.00 5.50 1.01 0.98  0.0
72.00 1.0025 4487.00 1995.00 2492.00 4487 4487  4486.00 0.00 0.00 1.00 5.50 1.01 0.98  0.0
72.25 0.9987 4481.00 1971.00 2510.00 4481 4481  4480.00 0.00 0.00 1.00 5.50 1.01 0.98  0.0
72.50 1.0049 4503.00 2007.00 2496.00 4503 4503  4502.00 0.00 0.00 1.00 5.50 1.01 0.98  0.0
72.75 1.0004 4505.00 1998.00 2507.00 4505 4505  4504.00 0.00 0.00 1.00 5.50 1.01 0.98  0.0
73.00 1.0018 4513.00 1992.00 2521.00 4513 4513  4512.00 0.00 0.00 1.00 5.50 1.01 0.98  0.0
73.25 1.0009 4517.00 1997.00 2520.00 4517 4517  4516.00 0.00 0.00 1.00 5.50 1.01 0.98  0.0
73.50 0.9993 4514.00 1985.00 2529.00 4514 4514  4513.00 0.00 0.00 1.00 5.50 1.01 0.98  0.0
73.75 0.9996 4512.00 1978.00 2534.00 4512 4512  4511.00 0.00 0.00 1.00 5.50 1.01 0.98  0.0
74.00 1.0020 4521.00 1983.00 2538.00 4521 4521  4520.00 0.00 0.00 1.00 5.50 1.01 0.98  0.0
74.25 1.0011 4526.00 1991.00 2535.00 4526 4526  4525.00 0.00 0.00 1.00 5.51 1.01 0.98  0.0
74.50 1.0007 4529.00 1973.00 2556.00 4529 4529  4528.00 0.00 0.00 1.00 5.51 1.01 0.98  0.0
74.75 0.9978 4519.00 1954.00 2565.00 4519 4519  4518.00 0.00 0.00 1.00 5.51 1.01 0.98  0.0
75.00 1.0029 4532.00 1972.00 2560.00 4532 4532  4531.00 0.00 0.00 1.00 5.51 1.01 0.98  0.0
75.25 0.9991 4528.00 1952.00 2576.00 4528 4528  4527.00 0.00 0.00 1.00 5.51 1.01 0.98  0.0
75.50 1.0009 4532.00 1952.00 2580.00 4532 4532  4531.00 0.00 0.00 1.00 5.51 1.01 0.98  0.0
75.75 1.0009 4536.00 1949.00 2587.00 4536 4536  4535.00 0.00 0.00 1.00 5.51 1.01 0.98  0.0
76.00 0.9989 4531.00 1935.00 2596.00 4531 4531  4530.00 0.00 0.00 1.00 5.51 1.01 0.98  0.0
76.25 1.0035 4547.00 1965.00 2582.00 4547 4547  4546.00 0.00 0.00 1.00 5.51 1.01 0.98  0.0
76.50 1.0022 4557.00 1959.00 2598.00 4557 4557  4556.00 0.00 0.00 1.00 5.51 1.01 0.98  0.0
76.75 1.0004 4559.00 1959.00 2600.00 4559 4559  4558.00 0.00 0.00 1.00 5.51 1.01 0.98  0.0
77.00 0.9998 4558.00 1958.00 2600.00 4558 4558  4557.00 0.00 0.00 1.00 5.51 1.01 0.98  0.0
77.25 1.0011 4563.00 1955.00 2608.00 4563 4563  4562.00 0.00 0.00 1.00 5.51 1.01 0.98  0.0
77.50 1.0044 4583.00 1984.00 2599.00 4583 4583  4582.00 0.00 0.00 1.00 5.51 1.01 0.98  0.0
77.75 0.9996 4581.00 1981.00 2600.00 4581 4581  4580.00 0.00 0.00 1.00 5.51 1.01 0.98  0.0
78.00 1.0011 4586.00 1980.00 2606.00 4586 4586  4585.00 0.00 0.00 1.00 5.51 1.01 0.98  0.0
78.25 0.9989 4581.00 1968.00 2613.00 4581 4581  4580.00 0.00 0.00 1.00 5.51 1.01 0.98  0.0
78.50 1.0015 4588.00 1979.00 2609.00 4588 4588  4587.00 0.00 0.00 1.00 5.51 1.01 0.98  0.0
78.75 0.9993 4585.00 1969.00 2616.00 4585 4585  4584.00 0.00 0.00 1.00 5.51 1.01 0.98  0.0
79.00 1.0028 4598.00 1983.00 2615.00 4598 4598  4597.00 0.00 0.00 1.00 5.51 1.01 0.98  0.0
79.25 1.0004 4600.00 1973.00 2627.00 4600 4600  4599.00 0.00 0.00 1.00 5.51 1.01 0.98  0.0
79.50 1.0033 4615.00 1985.00 2630.00 4615 4615  4614.00 0.00 0.00 1.00 5.51 1.01 0.98  0.0
79.75 0.9993 4612.00 1980.00 2632.00 4612 4612  4611.00 0.00 0.00 1.00 5.51 1.01 0.98  0.0
80.00 1.0007 4615.00 1959.00 2656.00 4615 4615  4614.00 0.00 0.00 1.00 5.51 1.01 0.98  0.0
80.25 0.9980 4606.00 1920.00 2686.00 4606 4606  4605.00 0.00 0.00 1.00 5.51 1.01 0.98  0.0
80.50 1.0011 4611.00 1932.00 2679.00 4611 4611  4610.00 0.00 0.00 1.00 5.51 1.01 0.98  0.0
80.75 1.0011 4616.00 1919.00 2697.00 4616 4616  4615.00 0.00 0.00 1.00 5.51 1.01 0.98  0.0
81.00 1.0013 4622.00 1914.00 2708.00 4622 4622  4621.00 0.00 0.00 1.00 5.51 1.01 0.98  0.0
81.25 1.0037 4639.00 1938.00 2701.00 4639 4639  4638.00 0.00 0.00 1.00 5.51 1.01 0.98  0.0
81.50 1.0011 4644.00 1953.00 2691.00 4644 4644  4643.00 0.00 0.00 1.00 5.51 1.01 0.98  0.0
81.75 1.0030 4658.00 1961.00 2697.00 4658 4658  4657.00 0.00 0.00 1.00 5.51 1.01 0.98  0.0
82.00 0.9983 4650.00 1937.00 2713.00 4650 4650  4649.00 0.00 0.00 1.00 5.51 1.01 0.98  0.0
82.25 0.9998 4649.00 1922.00 2727.00 4649 4649  4648.00 0.00 0.00 1.00 5.51 1.01 0.98  0.0
82.50 0.9991 4645.00 1905.00 2740.00 4645 4645  4644.00 0.00 0.00 1.00 5.50 1.01 0.98  0.0
82.75 1.0004 4647.00 1892.00 2755.00 4647 4647  4646.00 0.00 0.00 1.00 5.50 1.01 0.98  0.0
83.00 1.0017 4655.00 1878.00 2777.00 4655 4655  4654.00 0.00 0.00 1.00 5.50 1.01 0.98  0.0
83.25 1.0030 4669.00 1883.00 2786.00 4669 4669  4668.00 0.00 0.00 1.00 5.50 1.01 0.98  0.0
83.50 0.9983 4661.00 1866.00 2795.00 4661 4661  4660.00 0.00 0.00 1.00 5.50 1.01 0.98  0.0
83.75 1.0006 4664.00 1845.00 2819.00 4664 4664  4663.00 0.00 0.00 1.00 5.50 1.01 0.98  0.0
84.00 1.0000 4664.00 1845.00 2819.00 4664 4664  4663.00 0.00 0.00 1.00 5.50 1.01 0.98  0.0
84.25 1.0009 4668.00 1856.00 2812.00 4668 4668  4667.00 0.00 0.00 1.00 5.51 1.01 0.98  0.0
84.50 1.0024 4679.00 1872.00 2807.00 4679 4679  4678.00 0.00 0.00 1.00 5.51 1.01 0.98  0.0
84.75 1.0009 4683.00 1873.00 2810.00 4683 4683  4682.00 0.00 0.00 1.00 5.51 1.01 0.98  0.0
85.00 0.9989 4678.00 1870.00 2808.00 4678 4678  4677.00 0.00 0.00 1.00 5.51 1.01 0.98  0.0
85.25 1.0000 4678.00 1879.00 2799.00 4678 4678  4677.00 0.00 0.00 1.00 5.51 1.01 0.98  0.0
85.50 1.0006 4681.00 1878.00 2803.00 4681 4681  4680.00 0.00 0.00 1.00 5.51 1.01 0.98  0.0
85.75 0.9985 4674.00 1863.00 2811.00 4674 4674  4673.00 0.00 0.00 1.00 5.51 1.01 0.98  0.0
86.00 1.0024 4685.00 1885.00 2800.00 4685 4685  4684.00 0.00 0.00 1.00 5.51 1.01 0.98  0.0
86.25 1.0015 4692.00 1882.00 2810.00 4692 4692  4691.00 0.00 0.00 1.00 5.51 1.01 0.98  0.0
86.50 1.0011 4697.00 1881.00 2816.00 4697 4697  4696.00 0.00 0.00 1.00 5.51 1.01 0.98  0.0
86.75 1.0017 4705.00 1888.00 2817.00 4705 4705  4704.00 0.00 0.00 1.00 5.52 1.01 0.98  0.0
87.00 1.0028 4718.00 1901.00 2817.00 4718 4718  4717.00 0.00 0.00 1.00 5.51 1.01 0.98  0.0
87.25 1.0015 4725.00 1900.00 2825.00 4725 4725  4724.00 0.00 0.00 1.00 5.52 1.01 0.98  0.0
87.50 1.0008 4729.00 1896.00 2833.00 4729 4729  4728.00 0.00 0.00 1.00 5.51 1.01 0.98  0.0
87.75 0.9994 4726.00 1882.00 2844.00 4726 4726  4725.00 0.00 0.00 1.00 5.51 1.01 0.98  0.0
88.00 1.0011 4731.00 1887.00 2844.00 4731 4731  4730.00 0.00 0.00 1.00 5.51 1.01 0.98  0.0
88.25 1.0040 4750.00 1902.00 2848.00 4750 4750  4749.00 0.00 0.00 1.00 5.51 1.01 0.98  0.0
88.50 1.0013 4756.00 1913.00 2843.00 4756 4756  4755.00 0.00 0.00 1.00 5.51 1.01 0.98  0.0
88.75 1.0025 4768.00 1921.00 2847.00 4768 4768  4767.00 0.00 0.00 1.00 5.51 1.01 0.98  0.0
89.00 1.0021 4778.00 1928.00 2850.00 4778 4778  4777.00 0.00 0.00 1.00 5.51 1.01 0.98  0.0
89.25 1.0033 4794.00 1959.00 2835.00 4794 4794  4793.00 0.00 0.00 1.00 5.51 1.01 0.98  0.0
89.50 1.0025 4806.00 1961.00 2845.00 4806 4806  4805.00 0.00 0.00 1.00 5.51 1.01 0.98  0.0
89.75 1.0008 4810.00 1967.00 2843.00 4810 4810  4809.00 0.00 0.00 1.00 5.51 1.01 0.98  0.0
90.00 1.0002 4811.00 1976.00 2835.00 4811 4811  4810.00 0.00 0.00 1.00 5.51 1.01 0.98  0.0
90.25 0.9994 4808.00 1960.00 2848.00 4808 4808  4807.00 0.00 0.00 1.00 5.51 1.01 0.98  0.0
90.50 1.0037 4826.00 1987.00 2839.00 4826 4826  4825.00 0.00 0.00 1.00 5.51 1.01 0.98  0.0
90.75 0.9994 4823.00 1975.00 2848.00 4823 4823  4822.00 0.00 0.00 1.00 5.51 1.01 0.98  0.0
91.00 1.0037 4841.00 1997.00 2844.00 4841 4841  4840.00 0.00 0.00 1.00 5.51 1.01 0.98  0.0
91.25 1.0045 4863.00 2016.00 2847.00 4863 4863  4862.00 0.00 0.00 1.00 5.51 1.01 0.98  0.0
91.50 1.0014 4870.00 2031.00 2839.00 4870 4870  4869.00 0.00 0.00 1.00 5.51 1.01 0.98  0.0
91.75 1.0029 4884.00 2037.00 2847.00 4884 4884  4883.00 0.00 0.00 1.00 5.51 1.01 0.98  0.0
92.00 1.0037 4902.00 2050.00 2852.00 4902 4902  4901.00 0.00 0.00 1.00 5.51 1.01 0.98  0.0
92.25 0.9998 4901.00 2049.00 2852.00 4901 4901  4900.00 0.00 0.00 1.00 5.51 1.01 0.98  0.0
92.50 1.0008 4905.00 2042.00 2863.00 4905 4905  4904.00 0.00 0.00 1.00 5.51 1.01 0.98  0.0
92.75 1.0039 4924.00 2068.00 2856.00 4924 4924  4923.00 0.00 0.00 1.00 5.51 1.01 0.98  0.0
93.00 1.0002 4925.00 2068.00 2857.00 4925 4925  4924.00 0.00 0.00 1.00 5.51 1.01 0.98  0.0
93.25 1.0018 4934.00 2066.00 2868.00 4934 4934  4933.00 0.00 0.00 1.00 5.51 1.02 0.98  0.0
93.50 1.0030 4949.00 2095.00 2854.00 4949 4949  4948.00 0.00 0.00 1.00 5.52 1.02 0.98  0.0
93.75 1.0004 4951.00 2096.00 2855.00 4951 4951  4950.00 0.00 0.00 1.00 5.52 1.02 0.98  0.0
94.00 1.0024 4963.00 2107.00 2856.00 4963 4963  4962.00 0.00 0.00 1.00 5.52 1.02 0.98  0.0
94.25 1.0038 4982.00 2114.00 2868.00 4982 4982  4981.00 0.00 0.00 1.00 5.52 1.02 0.98  0.0
94.50 0.9990 4977.00 2101.00 2876.00 4977 4977  4976.00 0.00 0.00 1.00 5.52 1.02 0.98  0.0
94.75 1.0044 4999.00 2115.00 2884.00 4999 4999  4998.00 0.00 0.00 1.00 5.52 1.02 0.98  0.0
95.00 1.0004 5001.00 2123.00 2878.00 5001 5001  5000.00 0.00 0.00 1.00 5.52 1.02 0.98  0.0
95.25 1.0006 5004.00 2130.00 2874.00 5004 5004  5003.00 0.00 0.00 1.00 5.51 1.02 0.98  0.0
95.50 1.0022 5015.00 2140.00 2875.00 5015 5015  5014.00 0.00 0.00 1.00 5.51 1.02 0.98  0.0
95.75 1.0018 5024.00 2148.00 2876.00 5024 5024  5023.00 0.00 0.00 1.00 5.51 1.02 0.98  0.0
96.00 1.0000 5024.00 2130.00 2894.00 5024 5024  5023.00 0.00 0.00 1.00 5.51 1.02 0.98  0.0
96.25 1.0022 5035.00 2139.00 2896.00 5035 5035  5034.00 0.00 0.00 1.00 5.51 1.02 0.98  0.0
96.50 1.0008 5039.00 2127.00 2912.00 5039 5039  5038.00 0.00 0.00 1.00 5.51 1.02 0.98  0.0
96.75 1.0012 5045.00 2119.00 2926.00 5045 5045  5044.00 0.00 0.00 1.00 5.51 1.02 0.98  0.0
97.00 1.0014 5052.00 2119.00 2933.00 5052 5052  5051.00 0.00 0.00 1.00 5.51 1.02 0.98  0.0
97.25 1.0016 5060.00 2111.00 2949.00 5060 5060  5059.00 0.00 0.00 1.00 5.51 1.02 0.98  0.0
97.50 1.0036 5078.00 2123.00 2955.00 5078 5078  5077.00 0.00 0.00 1.00 5.51 1.02 0.98  0.0
97.75 1.0014 5085.00 2130.00 2955.00 5085 5085  5084.00 0.00 0.00 1.00 5.51 1.02 0.98  0.0
98.00 1.0012 5091.00 2120.00 2971.00 5091 5091  5090.00 0.00 0.00 1.00 5.51 1.02 0.98  0.0
98.25 1.0012 5097.00 2130.00 2967.00 5097 5097  5096.00 0.00 0.00 1.00 5.50 1.02 0.98  0.0
98.50 1.0035 5115.00 2158.00 2957.00 5115 5115  5114.00 0.00 0.00 1.00 5.51 1.02 0.98  0.0
98.75 1.0006 5118.00 2168.00 2950.00 5118 5118  5117.00 0.00 0.00 1.00 5.51 1.02 0.98  0.0
99.00 1.0049 5143.00 2202.00 2941.00 5143 5143  5142.00 0.00 0.00 1.00 5.51 1.02 0.98  0.0
99.25 1.0012 5149.00 2204.00 2945.00 5149 5149  5148.00 0.00 0.00 1.00 5.51 1.02 0.98  0.0
99.50 0.9996 5147.00 2199.00 2948.00 5147 5147  5146.00 0.00 0.00 1.00 5.51 1.02 0.98  0.0
99.75 0.9998 5146.00 2193.00 2953.00 5146 5146  5145.00 0.00 0.00 1.00 5.50 1.02 0.98  0.0
100.00 1.0041 5167.00 2216.00 2951.00 5167 5167  5166.00 0.00 0.00 1.00 5.51 1.02 0.98  0.0
100.25 1.0023 5179.00 2222.00 2957.00 5179 5179  5178.00 0.00 0.00 1.00 5.51 1.02 0.98  0.0
100.50 1.0008 5183.00 2214.00 2969.00 5183 5183  5182.00 0.00 0.00 1.00 5.51 1.02 0.98  0.0
100.75 1.0052 5210.00 2240.00 2970.00 5210 5210  5209.00 0.00 0.00 1.00 5.51 1.02 0.98  0.0
101.00 1.0010 5215.00 2250.00 2965.00 5215 5215  5214.00 0.00 0.00 1.00 5.50 1.02 0.98  0.0
101.25 1.0008 5219.00 2253.00 2966.00 5219 5219  5218.00 0.00 0.00 1.00 5.50 1.02 0.98  0.0
101.50 1.0000 5219.00 2239.00 2980.00 5219 5219  5218.00 0.00 0.00 1.00 5.50 1.02 0.98  0.0
101.75 1.0031 5235.00 2253.00 2982.00 5235 5235  5234.00 0.00 0.00 1.00 5.50 1.02 0.98  0.0
102.00 1.0021 5246.00 2274.00 2972.00 5246 5246  5245.00 0.00 0.00 1.00 5.50 1.02 0.98  0.0
102.25 1.0011 5252.00 2263.00 2989.00 5252 5252  5251.00 0.00 0.00 1.00 5.50 1.02 0.98  0.0
102.50 0.9992 5248.00 2259.00 2989.00 5248 5248  5247.00 0.00 0.00 1.00 5.50 1.02 0.98  0.0
102.75 0.9998 5247.00 2257.00 2990.00 5247 5247  5246.00 0.00 0.00 1.00 5.50 1.02 0.98  0.0
103.00 1.0013 5254.00 2237.00 3017.00 5254 5254  5253.00 0.00 0.00 1.00 5.50 1.02 0.98  0.0
103.25 1.0010 5259.00 2235.00 3024.00 5259 5259  5258.00 0.00 0.00 1.00 5.51 1.02 0.98  0.0
103.50 1.0011 5265.00 2226.00 3039.00 5265 5265  5264.00 0.00 0.00 1.00 5.51 1.02 0.98  0.0
103.75 1.0008 5269.00 2229.00 3040.00 5269 5269  5268.00 0.00 0.00 1.00 5.51 1.02 0.98  0.0
104.00 1.0011 5275.00 2235.00 3040.00 5275 5275  5274.00 0.00 0.00 1.00 5.51 1.02 0.98  0.0
104.25 1.0002 5276.00 2235.00 3041.00 5276 5276  5275.00 0.00 0.00 1.00 5.51 1.02 0.98  0.0
104.50 1.0017 5285.00 2250.00 3035.00 5285 5285  5284.00 0.00 0.00 1.00 5.51 1.02 0.98  0.0
104.75 0.9991 5280.00 2248.00 3032.00 5280 5280  5279.00 0.00 0.00 1.00 5.51 1.02 0.98  0.0
105.00 1.0008 5284.00 2252.00 3032.00 5284 5284  5283.00 0.00 0.00 1.00 5.51 1.02 0.98  0.0
105.25 0.9979 5273.00 2255.00 3018.00 5273 5273  5272.00 0.00 0.00 1.00 5.51 1.02 0.98  0.0
105.50 1.0017 5282.00 2271.00 3011.00 5282 5282  5281.00 0.00 0.00 1.00 5.51 1.02 0.98  0.0
105.75 0.9994 5279.00 2254.00 3025.00 5279 5279  5278.00 0.00 0.00 1.00 5.51 1.02 0.98  0.0
106.00 1.0034 5297.00 2272.00 3025.00 5297 5297  5296.00 0.00 0.00 1.00 5.52 1.02 0.98  0.0
106.25 0.9983 5288.00 2244.00 3044.00 5288 5288  5287.00 0.00 0.00 1.00 5.51 1.02 0.98  0.0
106.50 1.0026 5302.00 2242.00 3060.00 5302 5302  5301.00 0.00 0.00 1.00 5.52 1.02 0.98  0.0
106.75 0.9983 5293.00 2211.00 3082.00 5293 5293  5292.00 0.00 0.00 1.00 5.52 1.02 0.98  0.0
107.00 1.0021 5304.00 2210.00 3094.00 5304 5304  5303.00 0.00 0.00 1.00 5.52 1.02 0.98  0.0
107.25 1.0004 5306.00 2200.00 3106.00 5306 5306  5305.00 0.00 0.00 1.00 5.52 1.02 0.98  0.0
107.50 1.0011 5312.00 2195.00 3117.00 5312 5312  5311.00 0.00 0.00 1.00 5.52 1.02 0.98  0.0
107.75 1.0019 5322.00 2202.00 3120.00 5322 5322  5321.00 0.00 0.00 1.00 5.52 1.02 0.98  0.0
108.00 1.0008 5326.00 2201.00 3125.00 5326 5326  5325.00 0.00 0.00 1.00 5.52 1.02 0.98  0.0
108.25 0.9989 5320.00 2182.00 3138.00 5320 5320  5319.00 0.00 0.00 1.00 5.52 1.02 0.98  0.0
108.50 1.0008 5324.00 2184.00 3140.00 5324 5324  5323.00 0.00 0.00 1.00 5.52 1.02 0.98  0.0
108.75 1.0023 5336.00 2199.00 3137.00 5336 5336  5335.00 0.00 0.00 1.00 5.52 1.02 0.98  0.0
109.00 1.0011 5342.00 2207.00 3135.00 5342 5342  5341.00 0.00 0.00 1.00 5.52 1.02 0.98  0.0
109.25 1.0034 5360.00 2224.00 3136.00 5360 5360  5359.00 0.00 0.00 1.00 5.52 1.02 0.98  0.0
109.50 1.0030 5376.00 2245.00 3131.00 5376 5376  5375.00 0.00 0.00 1.00 5.52 1.02 0.98  0.0
109.75 0.9998 5375.00 2224.00 3151.00 5375 5375  5374.00 0.00 0.00 1.00 5.52 1.02 0.98  0.0
110.00 1.0026 5389.00 2238.00 3151.00 5389 5389  5388.00 0.00 0.00 1.00 5.52 1.02 0.98  0.0
110.25 1.0007 5393.00 2230.00 3163.00 5393 5393  5392.00 0.00 0.00 1.00 5.52 1.02 0.98  0.0
110.50 1.0006 5396.00 2232.00 3164.00 5396 5396  5395.00 0.00 0.00 1.00 5.51 1.02 0.98  0.0
110.75 1.0020 5407.00 2257.00 3150.00 5407 5407  5406.00 0.00 0.00 1.00 5.51 1.02 0.98  0.0
111.00 1.0018 5417.00 2261.00 3156.00 5417 5417  5416.00 0.00 0.00 1.00 5.51 1.02 0.98  0.0
111.25 0.9994 5414.00 2234.00 3180.00 5414 5414  5413.00 0.00 0.00 1.00 5.51 1.02 0.98  0.0
111.50 1.0037 5434.00 2264.00 3170.00 5434 5434  5433.00 0.00 0.00 1.00 5.52 1.02 0.98  0.0
111.75 0.9983 5425.00 2228.00 3197.00 5425 5425  5424.00 0.00 0.00 1.00 5.52 1.02 0.98  0.0
112.00 1.0013 5432.00 2228.00 3204.00 5432 5432  5431.00 0.00 0.00 1.00 5.52 1.02 0.98  0.0
112.25 1.0009 5437.00 2220.00 3217.00 5437 5437  5436.00 0.00 0.00 1.00 5.52 1.02 0.98  0.0
112.50 1.0040 5459.00 2255.00 3204.00 5459 5459  5458.00 0.00 0.00 1.00 5.52 1.02 0.98  0.0
112.75 1.0026 5473.00 2268.00 3205.00 5473 5473  5472.00 0.00 0.00 1.00 5.52 1.02 0.98  0.0
113.00 1.0038 5494.00 2292.00 3202.00 5494 5494  5493.00 0.00 0.00 1.00 5.52 1.02 0.98  0.0
113.25 1.0002 5495.00 2264.00 3231.00 5495 5495  5494.00 0.00 0.00 1.00 5.53 1.02 0.98  0.0
113.50 1.0011 5501.00 2265.00 3236.00 5501 5501  5500.00 0.00 0.00 1.00 5.52 1.02 0.98  0.0
113.75 1.0000 5501.00 2258.00 3243.00 5501 5501  5500.00 0.00 0.00 1.00 5.52 1.02 0.98  0.0
114.00 1.0024 5514.00 2268.00 3246.00 5514 5514  5513.00 0.00 0.00 1.00 5.52 1.02 0.98  0.0
114.25 1.0020 5525.00 2272.00 3253.00 5525 5525  5524.00 0.00 0.00 1.00 5.51 1.02 0.98  0.0
114.50 1.0000 5525.00 2268.00 3257.00 5525 5525  5524.00 0.00 0.00 1.00 5.51 1.02 0.98  0.0
114.75 1.0018 5535.00 2267.00 3268.00 5535 5535  5534.00 0.00 0.00 1.00 5.51 1.02 0.98  0.0
115.00 1.0025 5549.00 2278.00 3271.00 5549 5549  5548.00 0.00 0.00 1.00 5.51 1.02 0.98  0.0
115.25 1.0005 5552.00 2279.00 3273.00 5552 5552  5551.00 0.00 0.00 1.00 5.51 1.02 0.98  0.0
115.50 1.0043 5576.00 2318.00 3258.00 5576 5576  5575.00 0.00 0.00 1.00 5.51 1.02 0.98  0.0
115.75 1.0038 5597.00 2343.00 3254.00 5597 5597  5596.00 0.00 0.00 1.00 5.51 1.02 0.98  0.0
116.00 1.0000 5597.00 2338.00 3259.00 5597 5597  5596.00 0.00 0.00 1.00 5.51 1.02 0.98  0.0
116.25 1.0023 5610.00 2348.00 3262.00 5610 5610  5609.00 0.00 0.00 1.00 5.51 1.02 0.98  0.0
116.50 1.0020 5621.00 2351.00 3270.00 5621 5621  5620.00 0.00 0.00 1.00 5.51 1.02 0.98  0.0
116.75 0.9996 5619.00 2348.00 3271.00 5619 5619  5618.00 0.00 0.00 1.00 5.51 1.02 0.98  0.0
117.00 1.0023 5632.00 2347.00 3285.00 5632 5632  5631.00 0.00 0.00 1.00 5.51 1.02 0.98  0.0
117.25 1.0002 5633.00 2354.00 3279.00 5633 5633  5632.00 0.00 0.00 1.00 5.51 1.02 0.98  0.0
117.50 0.9998 5632.00 2335.00 3297.00 5632 5632  5631.00 0.00 0.00 1.00 5.51 1.02 0.98  0.0
117.75 0.9991 5627.00 2315.00 3312.00 5627 5627  5626.00 0.00 0.00 1.00 5.51 1.02 0.98  0.0
118.00 0.9993 5623.00 2288.00 3335.00 5623 5623  5622.00 0.00 0.00 1.00 5.52 1.02 0.98  0.0
118.25 1.0027 5638.00 2297.00 3341.00 5638 5638  5637.00 0.00 0.00 1.00 5.51 1.02 0.98  0.0
118.50 1.0035 5658.00 2323.00 3335.00 5658 5658  5657.00 0.00 0.00 1.00 5.52 1.02 0.98  0.0
118.75 1.0028 5674.00 2339.00 3335.00 5674 5674  5673.00 0.00 0.00 1.00 5.52 1.03 0.98  0.0
119.00 1.0021 5686.00 2343.00 3343.00 5686 5686  5685.00 0.00 0.00 1.00 5.51 1.02 0.98  0.0
119.25 1.0016 5695.00 2338.00 3357.00 5695 5695  5694.00 0.00 0.00 1.00 5.51 1.02 0.98  0.0
119.50 1.0035 5715.00 2358.00 3357.00 5715 5715  5714.00 0.00 0.00 1.00 5.51 1.02 0.98  0.0
119.75 1.0031 5733.00 2382.00 3351.00 5733 5733  5732.00 0.00 0.00 1.00 5.51 1.02 0.98  0.0
120.00 1.0012 5740.00 2387.00 3353.00 5740 5740  5739.00 0.00 0.00 1.00 5.51 1.02 0.98  0.0
120.25 1.0009 5745.00 2384.00 3361.00 5745 5745  5744.00 0.00 0.00 1.00 5.51 1.02 0.98  0.0
120.50 1.0005 5748.00 2381.00 3367.00 5748 5748  5747.00 0.00 0.00 1.00 5.51 1.02 0.98  0.0
120.75 1.0000 5748.00 2379.00 3369.00 5748 5748  5747.00 0.00 0.00 1.00 5.51 1.02 0.98  0.0
121.00 1.0003 5750.00 2358.00 3392.00 5750 5750  5749.00 0.00 0.00 1.00 5.51 1.02 0.98  0.0
121.25 1.0049 5778.00 2420.00 3358.00 5778 5778  5777.00 0.00 0.00 1.00 5.51 1.02 0.98  0.0
121.50 1.0005 5781.00 2424.00 3357.00 5781 5781  5780.00 0.00 0.00 1.00 5.51 1.02 0.98  0.0
121.75 1.0010 5787.00 2412.00 3375.00 5787 5787  5786.00 0.00 0.00 1.00 5.51 1.02 0.98  0.0
122.00 1.0002 5788.00 2421.00 3367.00 5788 5788  5787.00 0.00 0.00 1.00 5.51 1.02 0.98  0.0
122.25 0.9998 5787.00 2414.00 3373.00 5787 5787  5786.00 0.00 0.00 1.00 5.51 1.02 0.98  0.0
122.50 1.0002 5788.00 2409.00 3379.00 5788 5788  5787.00 0.00 0.00 1.00 5.51 1.02 0.98  0.0
122.75 1.0021 5800.00 2421.00 3379.00 5800 5800  5799.00 0.00 0.00 1.00 5.51 1.02 0.98  0.0
123.00 1.0012 5807.00 2427.00 3380.00 5807 5807  5806.00 0.00 0.00 1.00 5.50 1.02 0.98  0.0
123.25 1.0015 5816.00 2432.00 3384.00 5816 5816  5815.00 0.00 0.00 1.00 5.51 1.02 0.98  0.0
123.50 0.9997 5814.00 2407.00 3407.00 5814 5814  5813.00 0.00 0.00 1.00 5.51 1.02 0.98  0.0
123.75 1.0010 5820.00 2416.00 3404.00 5820 5820  5819.00 0.00 0.00 1.00 5.51 1.02 0.98  0.0
124.00 1.0029 5837.00 2427.00 3410.00 5837 5837  5836.00 0.00 0.00 1.00 5.51 1.02 0.98  0.0
124.25 0.9998 5836.00 2411.00 3425.00 5836 5836  5835.00 0.00 0.00 1.00 5.51 1.02 0.98  0.0
124.50 1.0045 5862.00 2462.00 3400.00 5862 5862  5861.00 0.00 0.00 1.00 5.51 1.02 0.98  0.0
124.75 1.0015 5871.00 2474.00 3397.00 5871 5871  5870.00 0.00 0.00 1.00 5.51 1.02 0.98  0.0
125.00 1.0019 5882.00 2468.00 3414.00 5882 5882  5881.00 0.00 0.00 1.00 5.51 1.02 0.98  0.0
125.25 1.0002 5883.00 2459.00 3424.00 5883 5883  5882.00 0.00 0.00 1.00 5.51 1.02 0.98  0.0
125.50 1.0017 5893.00 2477.00 3416.00 5893 5893  5892.00 0.00 0.00 1.00 5.50 1.02 0.98  0.0
125.75 1.0008 5898.00 2481.00 3417.00 5898 5898  5897.00 0.00 0.00 1.00 5.50 1.02 0.98  0.0
126.00 1.0007 5902.00 2495.00 3407.00 5902 5902  5901.00 0.00 0.00 1.00 5.50 1.02 0.98  0.0
126.25 1.0014 5910.00 2484.00 3426.00 5910 5910  5909.00 0.00 0.00 1.00 5.50 1.02 0.98  0.0
126.50 1.0025 5925.00 2500.00 3425.00 5925 5925  5924.00 0.00 0.00 1.00 5.50 1.02 0.98  0.0
126.75 1.0002 5926.00 2504.00 3422.00 5926 5926  5925.00 0.00 0.00 1.00 5.50 1.02 0.98  0.0
127.00 0.9998 5925.00 2501.00 3424.00 5925 5925  5924.00 0.00 0.00 1.00 5.50 1.02 0.98  0.0
127.25 1.0000 5925.00 2483.00 3442.00 5925 5925  5924.00 0.00 0.00 1.00 5.50 1.02 0.98  0.0
127.50 0.9995 5922.00 2482.00 3440.00 5922 5922  5921.00 0.00 0.00 1.00 5.50 1.02 0.98  0.0
127.75 1.0010 5928.00 2478.00 3450.00 5928 5928  5927.00 0.00 0.00 1.00 5.50 1.02 0.98  0.0
128.00 1.0034 5948.00 2513.00 3435.00 5948 5948  5947.00 0.00 0.00 1.00 5.50 1.02 0.98  0.0
128.25 1.0003 5950.00 2514.00 3436.00 5950 5950  5949.00 0.00 0.00 1.00 5.50 1.02 0.98  0.0
128.50 1.0027 5966.00 2533.00 3433.00 5966 5966  5965.00 0.00 0.00 1.00 5.51 1.02 0.98  0.0
128.75 1.0000 5966.00 2520.00 3446.00 5966 5966  5965.00 0.00 0.00 1.00 5.51 1.02 0.98  0.0
129.00 1.0008 5971.00 2505.00 3466.00 5971 5971  5970.00 0.00 0.00 1.00 5.51 1.02 0.98  0.0
129.25 1.0028 5988.00 2528.00 3460.00 5988 5988  5987.00 0.00 0.00 1.00 5.51 1.02 0.98  0.0
129.50 1.0033 6008.00 2545.00 3463.00 6008 6008  6007.00 0.00 0.00 1.00 5.51 1.02 0.98  0.0
129.75 0.9962 5985.00 2518.00 3467.00 5985 5985  5984.00 0.00 0.00 1.00 5.51 1.02 0.98  0.0
130.00 1.0048 6014.00 2537.00 3477.00 6014 6014  6013.00 0.00 0.00 1.00 5.51 1.02 0.98  0.0
130.25 1.0000 6014.00 2525.00 3489.00 6014 6014  6013.00 0.00 0.00 1.00 5.51 1.02 0.98  0.0
130.50 1.0028 6031.00 2540.00 3491.00 6031 6031  6030.00 0.00 0.00 1.00 5.51 1.02 0.98  0.0
130.75 1.0003 6033.00 2551.00 3482.00 6033 6033  6032.00 0.00 0.00 1.00 5.51 1.02 0.98  0.0
131.00 1.0008 6038.00 2545.00 3493.00 6038 6038  6037.00 0.00 0.00 1.00 5.51 1.02 0.98  0.0
131.25 1.0003 6040.00 2556.00 3484.00 6040 6040  6039.00 0.00 0.00 1.00 5.51 1.02 0.98  0.0
131.50 1.0035 6061.00 2582.00 3479.00 6061 6061  6060.00 0.00 0.00 1.00 5.51 1.02 0.98  0.0
131.75 1.0018 6072.00 2591.00 3481.00 6072 6072  6071.00 0.00 0.00 1.00 5.51 1.02 0.98  0.0
132.00 1.0023 6086.00 2614.00 3472.00 6086 6086  6085.00 0.00 0.00 1.00 5.51 1.02 0.98  0.0
132.25 1.0016 6096.00 2609.00 3487.00 6096 6096  6095.00 0.00 0.00 1.00 5.51 1.02 0.98  0.0
132.50 1.0011 6103.00 2602.00 3501.00 6103 6103  6102.00 0.00 0.00 1.00 5.51 1.02 0.98  0.0
132.75 1.0013 6111.00 2605.00 3506.00 6111 6111  6110.00 0.00 0.00 1.00 5.51 1.02 0.98  0.0
133.00 1.0026 6127.00 2633.00 3494.00 6127 6127  6126.00 0.00 0.00 1.00 5.51 1.02 0.98  0.0
133.25 0.9995 6124.00 2637.00 3487.00 6124 6124  6123.00 0.00 0.00 1.00 5.51 1.02 0.98  0.0
133.50 1.0023 6138.00 2642.00 3496.00 6138 6138  6137.00 0.00 0.00 1.00 5.52 1.02 0.98  0.0
133.75 0.9987 6130.00 2618.00 3512.00 6130 6130  6129.00 0.00 0.00 1.00 5.52 1.02 0.98  0.0
134.00 1.0005 6133.00 2623.00 3510.00 6133 6133  6132.00 0.00 0.00 1.00 5.51 1.02 0.98  0.0
134.25 1.0011 6140.00 2623.00 3517.00 6140 6140  6139.00 0.00 0.00 1.00 5.51 1.02 0.98  0.0
134.50 1.0018 6151.00 2632.00 3519.00 6151 6151  6150.00 0.00 0.00 1.00 5.51 1.02 0.98  0.0
134.75 1.0021 6164.00 2649.00 3515.00 6164 6164  6163.00 0.00 0.00 1.00 5.51 1.02 0.98  0.0
135.00 1.0000 6164.00 2645.00 3519.00 6164 6164  6163.00 0.00 0.00 1.00 5.51 1.02 0.98  0.0
135.25 1.0002 6165.00 2638.00 3527.00 6165 6165  6164.00 0.00 0.00 1.00 5.51 1.02 0.98  0.0
135.50 1.0008 6170.00 2632.00 3538.00 6170 6170  6169.00 0.00 0.00 1.00 5.51 1.02 0.98  0.0
135.75 1.0011 6177.00 2656.00 3521.00 6177 6177  6176.00 0.00 0.00 1.00 5.51 1.02 0.98  0.0
136.00 1.0036 6199.00 2694.00 3505.00 6199 6199  6198.00 0.00 0.00 1.00 5.51 1.02 0.98  0.0
136.25 1.0029 6217.00 2721.00 3496.00 6217 6217  6216.00 0.00 0.00 1.00 5.52 1.02 0.98  0.0
136.50 1.0008 6222.00 2741.00 3481.00 6222 6222  6221.00 0.00 0.00 1.00 5.51 1.02 0.98  0.0
136.75 1.0013 6230.00 2746.00 3484.00 6230 6230  6229.00 0.00 0.00 1.00 5.52 1.03 0.98  0.0
137.00 1.0011 6237.00 2746.00 3491.00 6237 6237  6236.00 0.00 0.00 1.00 5.52 1.03 0.98  0.0
137.25 1.0013 6245.00 2757.00 3488.00 6245 6245  6244.00 0.00 0.00 1.00 5.52 1.03 0.98  0.0
137.50 1.0046 6274.00 2784.00 3490.00 6274 6274  6273.00 0.00 0.00 1.00 5.52 1.03 0.98  0.0
137.75 1.0035 6296.00 2808.00 3488.00 6296 6296  6295.00 0.00 0.00 1.00 5.52 1.03 0.98  0.0
138.00 1.0000 6296.00 2815.00 3481.00 6296 6296  6295.00 0.00 0.00 1.00 5.52 1.03 0.98  0.0
138.25 1.0005 6299.00 2812.00 3487.00 6299 6299  6298.00 0.00 0.00 1.00 5.52 1.03 0.98  0.0
138.50 1.0010 6305.00 2809.00 3496.00 6305 6305  6304.00 0.00 0.00 1.00 5.52 1.03 0.98  0.0
138.75 1.0010 6311.00 2808.00 3503.00 6311 6311  6310.00 0.00 0.00 1.00 5.51 1.03 0.98  0.0
139.00 0.9981 6299.00 2789.00 3510.00 6299 6299  6298.00 0.00 0.00 1.00 5.52 1.03 0.98  0.0
139.25 1.0019 6311.00 2812.00 3499.00 6311 6311  6310.00 0.00 0.00 1.00 5.52 1.03 0.98  0.0
139.50 0.9997 6309.00 2790.00 3519.00 6309 6309  6308.00 0.00 0.00 1.00 5.51 1.03 0.98  0.0
139.75 0.9994 6305.00 2762.00 3543.00 6305 6305  6304.00 0.00 0.00 1.00 5.52 1.03 0.98  0.0
140.00 1.0030 6324.00 2785.00 3539.00 6324 6324  6323.00 0.00 0.00 1.00 5.52 1.03 0.98  0.0
140.25 1.0024 6339.00 2797.00 3542.00 6339 6339  6338.00 0.00 0.00 1.00 5.52 1.03 0.98  0.0
140.50 1.0014 6348.00 2796.00 3552.00 6348 6348  6347.00 0.00 0.00 1.00 5.52 1.03 0.98  0.0
140.75 1.0019 6360.00 2796.00 3564.00 6360 6360  6359.00 0.00 0.00 1.00 5.52 1.03 0.98  0.0
141.00 1.0011 6367.00 2802.00 3565.00 6367 6367  6366.00 0.00 0.00 1.00 5.52 1.03 0.98  0.0
141.25 1.0014 6376.00 2808.00 3568.00 6376 6376  6375.00 0.00 0.00 1.00 5.52 1.03 0.98  0.0
141.50 1.0000 6376.00 2809.00 3567.00 6376 6376  6375.00 0.00 0.00 1.00 5.52 1.03 0.98  0.0
141.75 1.0013 6384.00 2826.00 3558.00 6384 6384  6383.00 0.00 0.00 1.00 5.52 1.03 0.98  0.0
142.00 0.9992 6379.00 2804.00 3575.00 6379 6379  6378.00 0.00 0.00 1.00 5.52 1.03 0.98  0.0
142.25 1.0025 6395.00 2817.00 3578.00 6395 6395  6394.00 0.00 0.00 1.00 5.52 1.03 0.98  0.0
142.50 1.0013 6403.00 2812.00 3591.00 6403 6403  6402.00 0.00 0.00 1.00 5.52 1.03 0.98  0.0
142.75 0.9983 6392.00 2786.00 3606.00 6392 6392  6391.00 0.00 0.00 1.00 5.52 1.03 0.98  0.0
143.00 0.9995 6389.00 2776.00 3613.00 6389 6389  6388.00 0.00 0.00 1.00 5.52 1.03 0.98  0.0
143.25 1.0025 6405.00 2806.00 3599.00 6405 6405  6404.00 0.00 0.00 1.00 5.52 1.03 0.98  0.0
143.50 1.0005 6408.00 2799.00 3609.00 6408 6408  6407.00 0.00 0.00 1.00 5.52 1.03 0.98  0.0
143.75 1.0009 6414.00 2801.00 3613.00 6414 6414  6413.00 0.00 0.00 1.00 5.52 1.03 0.98  0.0
144.00 1.0011 6421.00 2807.00 3614.00 6421 6421  6420.00 0.00 0.00 1.00 5.52 1.03 0.98  0.0
144.25 1.0011 6428.00 2807.00 3621.00 6428 6428  6427.00 0.00 0.00 1.00 5.52 1.03 0.98  0.0
144.50 1.0022 6442.00 2827.00 3615.00 6442 6442  6441.00 0.00 0.00 1.00 5.52 1.03 0.98  0.0
144.75 1.0006 6446.00 2826.00 3620.00 6446 6446  6445.00 0.00 0.00 1.00 5.52 1.03 0.98  0.0
145.00 1.0020 6459.00 2834.00 3625.00 6459 6459  6458.00 0.00 0.00 1.00 5.52 1.03 0.98  0.0
145.25 1.0009 6465.00 2822.00 3643.00 6465 6465  6464.00 0.00 0.00 1.00 5.52 1.03 0.98  0.0
145.50 1.0025 6481.00 2848.00 3633.00 6481 6481  6480.00 0.00 0.00 1.00 5.52 1.03 0.98  0.0
145.75 1.0009 6487.00 2847.00 3640.00 6487 6487  6486.00 0.00 0.00 1.00 5.52 1.03 0.98  0.0
146.00 1.0020 6500.00 2868.00 3632.00 6500 6500  6499.00 0.00 0.00 1.00 5.51 1.03 0.98  0.0
146.25 0.9980 6487.00 2839.00 3648.00 6487 6487  6486.00 0.00 0.00 1.00 5.52 1.03 0.98  0.0
146.50 1.0009 6493.00 2837.00 3656.00 6493 6493  6492.00 0.00 0.00 1.00 5.52 1.03 0.98  0.0
146.75 1.0023 6508.00 2847.00 3661.00 6508 6508  6507.00 0.00 0.00 1.00 5.52 1.03 0.98  0.0
147.00 1.0000 6508.00 2846.00 3662.00 6508 6508  6507.00 0.00 0.00 1.00 5.51 1.03 0.98  0.0
147.25 1.0038 6533.00 2867.00 3666.00 6533 6533  6532.00 0.00 0.00 1.00 5.51 1.03 0.98  0.0
147.50 1.0008 6538.00 2865.00 3673.00 6538 6538  6537.00 0.00 0.00 1.00 5.51 1.03 0.98  0.0
147.75 1.0031 6558.00 2893.00 3665.00 6558 6558  6557.00 0.00 0.00 1.00 5.51 1.03 0.98  0.0
148.00 0.9992 6553.00 2873.00 3680.00 6553 6553  6552.00 0.00 0.00 1.00 5.51 1.03 0.98  0.0
148.25 1.0029 6572.00 2913.00 3659.00 6572 6572  6571.00 0.00 0.00 1.00 5.51 1.03 0.98  0.0
148.50 1.0029 6591.00 2933.00 3658.00 6591 6591  6590.00 0.00 0.00 1.00 5.51 1.03 0.98  0.0
148.75 1.0006 6595.00 2933.00 3662.00 6595 6595  6594.00 0.00 0.00 1.00 5.51 1.03 0.98  0.0
149.00 0.9985 6585.00 2912.00 3673.00 6585 6585  6584.00 0.00 0.00 1.00 5.52 1.03 0.98  0.0
149.25 1.0012 6593.00 2920.00 3673.00 6593 6593  6592.00 0.00 0.00 1.00 5.52 1.03 0.98  0.0
149.50 1.0002 6594.00 2914.00 3680.00 6594 6594  6593.00 0.00 0.00 1.00 5.51 1.03 0.98  0.0
149.75 1.0021 6608.00 2938.00 3670.00 6608 6608  6607.00 0.00 0.00 1.00 5.51 1.03 0.98  0.0
150.00 1.0012 6616.00 2944.00 3672.00 6616 6616  6615.00 0.00 0.00 1.00 5.51 1.03 0.98  0.0
150.25 1.0006 6620.00 2933.00 3687.00 6620 6620  6619.00 0.00 0.00 1.00 5.51 1.03 0.98  0.0
150.50 1.0015 6630.00 2948.00 3682.00 6630 6630  6629.00 0.00 0.00 1.00 5.51 1.03 0.98  0.0
150.75 1.0036 6654.00 2978.00 3676.00 6654 6654  6653.00 0.00 0.00 1.00 5.51 1.03 0.98  0.0
151.00 1.0000 6654.00 2982.00 3672.00 6654 6654  6653.00 0.00 0.00 1.00 5.51 1.03 0.98  0.0
151.25 1.0000 6654.00 2972.00 3682.00 6654 6654  6653.00 0.00 0.00 1.00 5.51 1.03 0.98  0.0
151.50 0.9995 6651.00 2971.00 3680.00 6651 6651  6650.00 0.00 0.00 1.00 5.51 1.03 0.98  0.0
151.75 1.0003 6653.00 2950.00 3703.00 6653 6653  6652.00 0.00 0.00 1.00 5.51 1.03 0.98  0.0
152.00 1.0003 6655.00 2926.00 3729.00 6655 6655  6654.00 0.00 0.00 1.00 5.51 1.03 0.98  0.0
152.25 1.0003 6657.00 2910.00 3747.00 6657 6657  6656.00 0.00 0.00 1.00 5.51 1.03 0.98  0.0
152.50 1.0011 6664.00 2914.00 3750.00 6664 6664  6663.00 0.00 0.00 1.00 5.51 1.03 0.98  0.0
152.75 1.0018 6676.00 2924.00 3752.00 6676 6676  6675.00 0.00 0.00 1.00 5.52 1.03 0.98  0.0
153.00 1.0004 6679.00 2938.00 3741.00 6679 6679  6678.00 0.00 0.00 1.00 5.52 1.03 0.98  0.0
153.25 1.0000 6679.00 2931.00 3748.00 6679 6679  6678.00 0.00 0.00 1.00 5.52 1.03 0.98  0.0
153.50 0.9985 6669.00 2919.00 3750.00 6669 6669  6668.00 0.00 0.00 1.00 5.52 1.03 0.98  0.0
153.75 1.0009 6675.00 2917.00 3758.00 6675 6675  6674.00 0.00 0.00 1.00 5.52 1.03 0.98  0.0
154.00 0.9999 6674.00 2907.00 3767.00 6674 6674  6673.00 0.00 0.00 1.00 5.52 1.03 0.98  0.0
154.25 0.9999 6673.00 2905.00 3768.00 6673 6673  6672.00 0.00 0.00 1.00 5.52 1.03 0.98  0.0
154.50 1.0018 6685.00 2924.00 3761.00 6685 6685  6684.00 0.00 0.00 1.00 5.52 1.03 0.98  0.0
154.75 1.0007 6690.00 2921.00 3769.00 6690 6690  6689.00 0.00 0.00 1.00 5.53 1.03 0.98  0.0
155.00 1.0030 6710.00 2939.00 3771.00 6710 6710  6709.00 0.00 0.00 1.00 5.53 1.03 0.98  0.0
155.25 0.9997 6708.00 2936.00 3772.00 6708 6708  6707.00 0.00 0.00 1.00 5.53 1.03 0.98  0.0
155.50 0.9997 6706.00 2932.00 3774.00 6706 6706  6705.00 0.00 0.00 1.00 5.53 1.03 0.98  0.0
155.75 1.0025 6723.00 2951.00 3772.00 6723 6723  6722.00 0.00 0.00 1.00 5.53 1.03 0.98  0.0
156.00 1.0006 6727.00 2946.00 3781.00 6727 6727  6726.00 0.00 0.00 1.00 5.53 1.03 0.98  0.0
156.25 1.0010 6734.00 2944.00 3790.00 6734 6734  6733.00 0.00 0.00 1.00 5.52 1.03 0.98  0.0
156.50 1.0007 6739.00 2936.00 3803.00 6739 6739  6738.00 0.00 0.00 1.00 5.52 1.03 0.98  0.0
156.75 1.0007 6744.00 2938.00 3806.00 6744 6744  6743.00 0.00 0.00 1.00 5.52 1.03 0.98  0.0
157.00 0.9999 6743.00 2934.00 3809.00 6743 6743  6742.00 0.00 0.00 1.00 5.52 1.03 0.98  0.0
157.25 1.0009 6749.00 2936.00 3813.00 6749 6749  6748.00 0.00 0.00 1.00 5.53 1.03 0.98  0.0
157.50 1.0001 6750.00 2934.00 3816.00 6750 6750  6749.00 0.00 0.00 1.00 5.53 1.03 0.98  0.0
157.75 1.0033 6772.00 2959.00 3813.00 6772 6772  6771.00 0.00 0.00 1.00 5.52 1.03 0.98  0.0
158.00 1.0037 6797.00 2997.00 3800.00 6797 6797  6796.00 0.00 0.00 1.00 5.52 1.03 0.98  0.0
158.25 0.9990 6790.00 2997.00 3793.00 6790 6790  6789.00 0.00 0.00 1.00 5.52 1.03 0.98  0.0
158.50 1.0006 6794.00 2980.00 3814.00 6794 6794  6793.00 0.00 0.00 1.00 5.52 1.03 0.98  0.0
158.75 1.0015 6804.00 2997.00 3807.00 6804 6804  6803.00 0.00 0.00 1.00 5.51 1.03 0.98  0.0
159.00 1.0006 6808.00 2986.00 3822.00 6808 6808  6807.00 0.00 0.00 1.00 5.51 1.03 0.98  0.0
159.25 1.0009 6814.00 2991.00 3823.00 6814 6814  6813.00 0.00 0.00 1.00 5.51 1.03 0.98  0.0
159.50 1.0016 6825.00 3010.00 3815.00 6825 6825  6824.00 0.00 0.00 1.00 5.51 1.03 0.98  0.0
159.75 0.9999 6824.00 2999.00 3825.00 6824 6824  6823.00 0.00 0.00 1.00 5.52 1.03 0.98  0.0
160.00 1.0009 6830.00 3006.00 3824.00 6830 6830  6829.00 0.00 0.00 1.00 5.51 1.03 0.98  0.0
160.25 1.0020 6844.00 3030.00 3814.00 6844 6844  6843.00 0.00 0.00 1.00 5.51 1.03 0.98  0.0
160.50 1.0019 6857.00 3055.00 3802.00 6857 6857  6856.00 0.00 0.00 1.00 5.51 1.03 0.98  0.0
160.75 1.0019 6870.00 3073.00 3797.00 6870 6870  6869.00 0.00 0.00 1.00 5.51 1.03 0.98  0.0
161.00 0.9997 6868.00 3067.00 3801.00 6868 6868  6867.00 0.00 0.00 1.00 5.51 1.03 0.98  0.0
161.25 1.0007 6873.00 3067.00 3806.00 6873 6873  6872.00 0.00 0.00 1.00 5.52 1.03 0.98  0.0
161.50 1.0003 6875.00 3063.00 3812.00 6875 6875  6874.00 0.00 0.00 1.00 5.51 1.03 0.98  0.0
161.75 0.9988 6867.00 3061.00 3806.00 6867 6867  6866.00 0.00 0.00 1.00 5.51 1.03 0.98  0.0
162.00 1.0004 6870.00 3062.00 3808.00 6870 6870  6869.00 0.00 0.00 1.00 5.51 1.03 0.98  0.0
162.25 1.0003 6872.00 3051.00 3821.00 6872 6872  6871.00 0.00 0.00 1.00 5.51 1.03 0.98  0.0
162.50 1.0016 6883.00 3048.00 3835.00 6883 6883  6882.00 0.00 0.00 1.00 5.51 1.03 0.98  0.0
162.75 0.9996 6880.00 3035.00 3845.00 6880 6880  6879.00 0.00 0.00 1.00 5.52 1.03 0.98  0.0
163.00 1.0000 6880.00 3040.00 3840.00 6880 6880  6879.00 0.00 0.00 1.00 5.52 1.03 0.98  0.0
163.25 1.0004 6883.00 3034.00 3849.00 6883 6883  6882.00 0.00 0.00 1.00 5.52 1.03 0.98  0.0
163.50 1.0015 6893.00 3034.00 3859.00 6893 6893  6892.00 0.00 0.00 1.00 5.52 1.03 0.98  0.0
163.75 1.0017 6905.00 3043.00 3862.00 6905 6905  6904.00 0.00 0.00 1.00 5.52 1.03 0.98  0.0
164.00 1.0014 6915.00 3042.00 3873.00 6915 6915  6914.00 0.00 0.00 1.00 5.52 1.03 0.98  0.0
164.25 1.0006 6919.00 3057.00 3862.00 6919 6919  6918.00 0.00 0.00 1.00 5.52 1.03 0.98  0.0
164.50 1.0033 6942.00 3075.00 3867.00 6942 6942  6941.00 0.00 0.00 1.00 5.52 1.03 0.98  0.0
164.75 1.0007 6947.00 3097.00 3850.00 6947 6947  6946.00 0.00 0.00 1.00 5.52 1.03 0.98  0.0
165.00 1.0026 6965.00 3107.00 3858.00 6965 6965  6964.00 0.00 0.00 1.00 5.52 1.03 0.98  0.0
165.25 1.0017 6977.00 3133.00 3844.00 6977 6977  6976.00 0.00 0.00 1.00 5.52 1.03 0.98  0.0
165.50 1.0020 6991.00 3142.00 3849.00 6991 6991  6990.00 0.00 0.00 1.00 5.52 1.03 0.98  0.0
165.75 1.0000 6991.00 3141.00 3850.00 6991 6991  6990.00 0.00 0.00 1.00 5.52 1.03 0.98  0.0
166.00 1.0004 6994.00 3141.00 3853.00 6994 6994  6993.00 0.00 0.00 1.00 5.51 1.03 0.98  0.0
166.25 1.0014 7004.00 3138.00 3866.00 7004 7004  7003.00 0.00 0.00 1.00 5.51 1.03 0.98  0.0
166.50 1.0023 7020.00 3145.00 3875.00 7020 7020  7019.00 0.00 0.00 1.00 5.52 1.03 0.98  0.0
166.75 1.0016 7031.00 3166.00 3865.00 7031 7031  7030.00 0.00 0.00 1.00 5.51 1.03 0.98  0.0
167.00 1.0009 7037.00 3150.00 3887.00 7037 7037  7036.00 0.00 0.00 1.00 5.51 1.03 0.98  0.0
167.25 0.9979 7022.00 3130.00 3892.00 7022 7022  7021.00 0.00 0.00 1.00 5.51 1.03 0.98  0.0
167.50 1.0037 7048.00 3154.00 3894.00 7048 7048  7047.00 0.00 0.00 1.00 5.51 1.03 0.98  0.0
167.75 1.0023 7064.00 3169.00 3895.00 7064 7064  7063.00 0.00 0.00 1.00 5.51 1.03 0.98  0.0
168.00 1.0003 7066.00 3166.00 3900.00 7066 7066  7065.00 0.00 0.00 1.00 5.51 1.03 0.98  0.0
168.25 0.9997 7064.00 3140.00 3924.00 7064 7064  7063.00 0.00 0.00 1.00 5.51 1.03 0.98  0.0
168.50 1.0018 7077.00 3139.00 3938.00 7077 7077  7076.00 0.00 0.00 1.00 5.51 1.03 0.98  0.0
168.75 0.9996 7074.00 3151.00 3923.00 7074 7074  7073.00 0.00 0.00 1.00 5.51 1.03 0.98  0.0
169.00 1.0023 7090.00 3172.00 3918.00 7090 7090  7089.00 0.00 0.00 1.00 5.51 1.03 0.98  0.0
169.25 0.9984 7079.00 3145.00 3934.00 7079 7079  7078.00 0.00 0.00 1.00 5.51 1.03 0.98  0.0
169.50 1.0008 7085.00 3160.00 3925.00 7085 7085  7084.00 0.00 0.00 1.00 5.50 1.03 0.98  0.0
169.75 0.9987 7076.00 3145.00 3931.00 7076 7076  7075.00 0.00 0.00 1.00 5.50 1.03 0.98  0.0
170.00 1.0030 7097.00 3159.00 3938.00 7097 7097  7096.00 0.00 0.00 1.00 5.50 1.03 0.98  0.0
170.25 1.0031 7119.00 3196.00 3923.00 7119 7119  7118.00 0.00 0.00 1.00 5.50 1.03 0.98  0.0
170.50 1.0035 7144.00 3219.00 3925.00 7144 7144  7143.00 0.00 0.00 1.00 5.50 1.03 0.98  0.0
170.75 0.9992 7138.00 3202.00 3936.00 7138 7138  7137.00 0.00 0.00 1.00 5.50 1.03 0.98  0.0
171.00 1.0021 7153.00 3224.00 3929.00 7153 7153  7152.00 0.00 0.00 1.00 5.50 1.03 0.98  0.0
171.25 0.9983 7141.00 3214.00 3927.00 7141 7141  7140.00 0.00 0.00 1.00 5.50 1.03 0.98  0.0
171.50 1.0020 7155.00 3215.00 3940.00 7155 7155  7154.00 0.00 0.00 1.00 5.50 1.03 0.98  0.0
171.75 1.0027 7174.00 3226.00 3948.00 7174 7174  7173.00 0.00 0.00 1.00 5.50 1.03 0.98  0.0
172.00 0.9985 7163.00 3233.00 3930.00 7163 7163  7162.00 0.00 0.00 1.00 5.50 1.03 0.98  0.0
172.25 1.0003 7165.00 3218.00 3947.00 7165 7165  7164.00 0.00 0.00 1.00 5.50 1.03 0.98  0.0
172.50 0.9999 7164.00 3210.00 3954.00 7164 7164  7163.00 0.00 0.00 1.00 5.50 1.03 0.98  0.0
172.75 0.9994 7160.00 3198.00 3962.00 7160 7160  7159.00 0.00 0.00 1.00 5.50 1.03 0.98  0.0
173.00 1.0000 7160.00 3199.00 3961.00 7160 7160  7159.00 0.00 0.00 1.00 5.50 1.03 0.98  0.0
173.25 1.0003 7162.00 3203.00 3959.00 7162 7162  7161.00 0.00 0.00 1.00 5.50 1.03 0.98  0.0
173.50 0.9989 7154.00 3196.00 3958.00 7154 7154  7153.00 0.00 0.00 1.00 5.50 1.03 0.98  0.0
173.75 0.9989 7146.00 3174.00 3972.00 7146 7146  7145.00 0.00 0.00 1.00 5.50 1.03 0.98  0.0
174.00 1.0013 7155.00 3185.00 3970.00 7155 7155  7154.00 0.00 0.00 1.00 5.50 1.03 0.98  0.0
174.25 1.0014 7165.00 3184.00 3981.00 7165 7165  7164.00 0.00 0.00 1.00 5.50 1.03 0.98  0.0
174.50 0.9989 7157.00 3165.00 3992.00 7157 7157  7156.00 0.00 0.00 1.00 5.50 1.03 0.98  0.0
174.75 0.9997 7155.00 3163.00 3992.00 7155 7155  7154.00 0.00 0.00 1.00 5.50 1.03 0.98  0.0
175.00 1.0000 7155.00 3169.00 3986.00 7155 7155  7154.00 0.00 0.00 1.00 5.49 1.03 0.98  0.0
175.25 1.0011 7163.00 3168.00 3995.00 7163 7163  7162.00 0.00 0.00 1.00 5.49 1.03 0.98  0.0
175.50 1.0007 7168.00 3171.00 3997.00 7168 7168  7167.00 0.00 0.00 1.00 5.50 1.03 0.98  0.0
175.75 1.0007 7173.00 3169.00 4004.00 7173 7173  7172.00 0.00 0.00 1.00 5.50 1.03 0.98  0.0
176.00 0.9996 7170.00 3163.00 4007.00 7170 7170  7169.00 0.00 0.00 1.00 5.49 1.03 0.98  0.0
176.25 1.0008 7176.00 3171.00 4005.00 7176 7176  7175.00 0.00 0.00 1.00 5.49 1.03 0.98  0.0
176.50 0.9990 7169.00 3163.00 4006.00 7169 7169  7168.00 0.00 0.00 1.00 5.49 1.03 0.98  0.0
176.75 1.0021 7184.00 3180.00 4004.00 7184 7184  7183.00 0.00 0.00 1.00 5.49 1.03 0.98  0.0
177.00 1.0017 7196.00 3177.00 4019.00 7196 7196  7195.00 0.00 0.00 1.00 5.50 1.03 0.98  0.0
177.25 1.0019 7210.00 3204.00 4006.00 7210 7210  7209.00 0.00 0.00 1.00 5.50 1.03 0.98  0.0
177.50 1.0021 7225.00 3216.00 4009.00 7225 7225  7224.00 0.00 0.00 1.00 5.50 1.03 0.98  0.0
177.75 0.9988 7216.00 3193.00 4023.00 7216 7216  7215.00 0.00 0.00 1.00 5.49 1.03 0.98  0.0
178.00 1.0014 7226.00 3194.00 4032.00 7226 7226  7225.00 0.00 0.00 1.00 5.49 1.03 0.98  0.0
178.25 1.0011 7234.00 3192.00 4042.00 7234 7234  7233.00 0.00 0.00 1.00 5.49 1.03 0.98  0.0
178.50 1.0004 7237.00 3193.00 4044.00 7237 7237  7236.00 0.00 0.00 1.00 5.49 1.03 0.98  0.0
178.75 0.9997 7235.00 3192.00 4043.00 7235 7235  7234.00 0.00 0.00 1.00 5.50 1.03 0.98  0.0
179.00 1.0010 7242.00 3195.00 4047.00 7242 7242  7241.00 0.00 0.00 1.00 5.50 1.03 0.98  0.0
179.25 1.0011 7250.00 3202.00 4048.00 7250 7250  7249.00 0.00 0.00 1.00 5.50 1.03 0.98  0.0
179.50 1.0006 7254.00 3215.00 4039.00 7254 7254  7253.00 0.00 0.00 1.00 5.50 1.03 0.98  0.0
179.75 0.9994 7250.00 3220.00 4030.00 7250 7250  7249.00 0.00 0.00 1.00 5.50 1.03 0.98  0.0
180.00 1.0026 7269.00 3224.00 4045.00 7269 7269  7268.00 0.00 0.00 1.00 5.50 1.03 0.98  0.0
180.25 0.9999 7268.00 3204.00 4064.00 7268 7268  7267.00 0.00 0.00 1.00 5.50 1.03 0.98  0.0
180.50 1.0028 7288.00 3222.00 4066.00 7288 7288  7287.00 0.00 0.00 1.00 5.50 1.03 0.98  0.0
180.75 1.0027 7308.00 3239.00 4069.00 7308 7308  7307.00 0.00 0.00 1.00 5.50 1.03 0.98  0.0
181.00 1.0003 7310.00 3240.00 4070.00 7310 7310  7309.00 0.00 0.00 1.00 5.50 1.03 0.98  0.0
181.25 0.9997 7308.00 3228.00 4080.00 7308 7308  7307.00 0.00 0.00 1.00 5.50 1.03 0.98  0.0
181.50 1.0003 7310.00 3224.00 4086.00 7310 7310  7309.00 0.00 0.00 1.00 5.50 1.03 0.98  0.0
181.75 1.0019 7324.00 3249.00 4075.00 7324 7324  7323.00 0.00 0.00 1.00 5.50 1.03 0.98  0.0
182.00 0.9973 7304.00 3222.00 4082.00 7304 7304  7303.00 0.00 0.00 1.00 5.50 1.03 0.98  0.0
182.25 1.0027 7324.00 3244.00 4080.00 7324 7324  7323.00 0.00 0.00 1.00 5.50 1.03 0.98  0.0
182.50 0.9986 7314.00 3208.00 4106.00 7314 7314  7313.00 0.00 0.00 1.00 5.50 1.03 0.98  0.0
182.75 1.0027 7334.00 3239.00 4095.00 7334 7334  7333.00 0.00 0.00 1.00 5.50 1.03 0.98  0.0
183.00 1.0004 7337.00 3237.00 4100.00 7337 7337  7336.00 0.00 0.00 1.00 5.50 1.03 0.98  0.0
183.25 1.0016 7349.00 3256.00 4093.00 7349 7349  7348.00 0.00 0.00 1.00 5.50 1.03 0.98  0.0
183.50 0.9986 7339.00 3237.00 4102.00 7339 7339  7338.00 0.00 0.00 1.00 5.50 1.03 0.98  0.0
183.75 1.0010 7346.00 3230.00 4116.00 7346 7346  7345.00 0.00 0.00 1.00 5.50 1.03 0.98  0.0
184.00 1.0031 7369.00 3256.00 4113.00 7369 7369  7368.00 0.00 0.00 1.00 5.50 1.03 0.98  0.0
184.25 1.0001 7370.00 3240.00 4130.00 7370 7370  7369.00 0.00 0.00 1.00 5.50 1.03 0.98  0.0
184.50 1.0027 7390.00 3267.00 4123.00 7390 7390  7389.00 0.00 0.00 1.00 5.51 1.03 0.98  0.0
184.75 1.0031 7413.00 3288.00 4125.00 7413 7413  7412.00 0.00 0.00 1.00 5.51 1.03 0.98  0.0
185.00 0.9995 7409.00 3289.00 4120.00 7409 7409  7408.00 0.00 0.00 1.00 5.51 1.03 0.98  0.0
185.25 1.0024 7427.00 3303.00 4124.00 7427 7427  7426.00 0.00 0.00 1.00 5.51 1.03 0.98  0.0
185.50 0.9987 7417.00 3306.00 4111.00 7417 7417  7416.00 0.00 0.00 1.00 5.50 1.03 0.98  0.0
185.75 1.0011 7425.00 3311.00 4114.00 7425 7425  7424.00 0.00 0.00 1.00 5.51 1.03 0.98  0.0
186.00 1.0008 7431.00 3332.00 4099.00 7431 7431  7430.00 0.00 0.00 1.00 5.50 1.03 0.98  0.0
186.25 1.0012 7440.00 3324.00 4116.00 7440 7440  7439.00 0.00 0.00 1.00 5.51 1.03 0.98  0.0
186.50 1.0020 7455.00 3345.00 4110.00 7455 7455  7454.00 0.00 0.00 1.00 5.51 1.03 0.98  0.0
186.75 0.9993 7450.00 3360.00 4090.00 7450 7450  7449.00 0.00 0.00 1.00 5.51 1.03 0.98  0.0
187.00 1.0019 7464.00 3359.00 4105.00 7464 7464  7463.00 0.00 0.00 1.00 5.51 1.03 0.98  0.0
187.25 1.0013 7474.00 3377.00 4097.00 7474 7474  7473.00 0.00 0.00 1.00 5.51 1.03 0.98  0.0
187.50 1.0008 7480.00 3373.00 4107.00 7480 7480  7479.00 0.00 0.00 1.00 5.51 1.03 0.98  0.0
187.75 0.9999 7479.00 3364.00 4115.00 7479 7479  7478.00 0.00 0.00 1.00 5.51 1.03 0.98  0.0
188.00 1.0019 7493.00 3374.00 4119.00 7493 7493  7492.00 0.00 0.00 1.00 5.51 1.03 0.98  0.0
188.25 1.0015 7504.00 3385.00 4119.00 7504 7504  7503.00 0.00 0.00 1.00 5.51 1.03 0.98  0.0
188.50 0.9996 7501.00 3379.00 4122.00 7501 7501  7500.00 0.00 0.00 1.00 5.51 1.03 0.98  0.0
188.75 1.0013 7511.00 3391.00 4120.00 7511 7511  7510.00 0.00 0.00 1.00 5.51 1.03 0.98  0.0
189.00 1.0008 7517.00 3379.00 4138.00 7517 7517  7516.00 0.00 0.00 1.00 5.51 1.03 0.98  0.0
189.25 1.0011 7525.00 3376.00 4149.00 7525 7525  7524.00 0.00 0.00 1.00 5.51 1.03 0.98  0.0
189.50 1.0001 7526.00 3358.00 4168.00 7526 7526  7525.00 0.00 0.00 1.00 5.51 1.03 0.98  0.0
189.75 1.0017 7539.00 3375.00 4164.00 7539 7539  7538.00 0.00 0.00 1.00 5.51 1.03 0.98  0.0
190.00 1.0033 7564.00 3418.00 4146.00 7564 7564  7563.00 0.00 0.00 1.00 5.51 1.03 0.98  0.0
190.25 0.9983 7551.00 3373.00 4178.00 7551 7551  7550.00 0.00 0.00 1.00 5.51 1.03 0.98  0.0
190.50 1.0015 7562.00 3384.00 4178.00 7562 7562  7561.00 0.00 0.00 1.00 5.51 1.03 0.98  0.0
190.75 0.9987 7552.00 3350.00 4202.00 7552 7552  7551.00 0.00 0.00 1.00 5.51 1.03 0.98  0.0
191.00 0.9993 7547.00 3331.00 4216.00 7547 7547  7546.00 0.00 0.00 1.00 5.51 1.03 0.98  0.0
191.25 1.0000 7547.00 3333.00 4214.00 7547 7547  7546.00 0.00 0.00 1.00 5.51 1.03 0.98  0.0
191.50 1.0008 7553.00 3333.00 4220.00 7553 7553  7552.00 0.00 0.00 1.00 5.51 1.03 0.98  0.0
191.75 1.0012 7562.00 3343.00 4219.00 7562 7562  7561.00 0.00 0.00 1.00 5.51 1.03 0.98  0.0
192.00 1.0008 7568.00 3356.00 4212.00 7568 7568  7567.00 0.00 0.00 1.00 5.51 1.03 0.98  0.0
192.25 1.0003 7570.00 3353.00 4217.00 7570 7570  7569.00 0.00 0.00 1.00 5.51 1.03 0.98  0.0
192.50 1.0018 7584.00 3378.00 4206.00 7584 7584  7583.00 0.00 0.00 1.00 5.51 1.03 0.98  0.0
192.75 1.0012 7593.00 3381.00 4212.00 7593 7593  7592.00 0.00 0.00 1.00 5.50 1.03 0.98  0.0
193.00 1.0003 7595.00 3362.00 4233.00 7595 7595  7594.00 0.00 0.00 1.00 5.51 1.03 0.98  0.0
193.25 1.0009 7602.00 3362.00 4240.00 7602 7602  7601.00 0.00 0.00 1.00 5.51 1.03 0.98  0.0
193.50 1.0014 7613.00 3381.00 4232.00 7613 7613  7612.00 0.00 0.00 1.00 5.51 1.03 0.98  0.0
193.75 1.0009 7620.00 3389.00 4231.00 7620 7620  7619.00 0.00 0.00 1.00 5.50 1.03 0.98  0.0
194.00 1.0024 7638.00 3389.00 4249.00 7638 7638  7637.00 0.00 0.00 1.00 5.51 1.03 0.98  0.0
194.25 1.0030 7661.00 3417.00 4244.00 7661 7661  7660.00 0.00 0.00 1.00 5.51 1.03 0.98  0.0
194.50 1.0003 7663.00 3408.00 4255.00 7663 7663  7662.00 0.00 0.00 1.00 5.50 1.03 0.98  0.0
194.75 1.0005 7667.00 3417.00 4250.00 7667 7667  7666.00 0.00 0.00 1.00 5.50 1.03 0.98  0.0
195.00 1.0008 7673.00 3412.00 4261.00 7673 7673  7672.00 0.00 0.00 1.00 5.50 1.03 0.98  0.0
195.25 1.0016 7685.00 3438.00 4247.00 7685 7685  7684.00 0.00 0.00 1.00 5.50 1.03 0.98  0.0
195.50 1.0008 7691.00 3435.00 4256.00 7691 7691  7690.00 0.00 0.00 1.00 5.50 1.03 0.98  0.0
195.75 0.9988 7682.00 3422.00 4260.00 7682 7682  7681.00 0.00 0.00 1.00 5.50 1.03 0.98  0.0
196.00 1.0014 7693.00 3425.00 4268.00 7693 7693  7692.00 0.00 0.00 1.00 5.50 1.03 0.98  0.0
196.25 1.0009 7700.00 3424.00 4276.00 7700 7700  7699.00 0.00 0.00 1.00 5.50 1.03 0.98  0.0
196.50 1.0025 7719.00 3444.00 4275.00 7719 7719  7718.00 0.00 0.00 1.00 5.50 1.03 0.98  0.0
196.75 1.0012 7728.00 3443.00 4285.00 7728 7728  7727.00 0.00 0.00 1.00 5.50 1.03 0.98  0.0
197.00 0.9999 7727.00 3431.00 4296.00 7727 7727  7726.00 0.00 0.00 1.00 5.50 1.03 0.98  0.0
197.25 1.0016 7739.00 3448.00 4291.00 7739 7739  7738.00 0.00 0.00 1.00 5.50 1.03 0.98  0.0
197.50 0.9996 7736.00 3442.00 4294.00 7736 7736  7735.00 0.00 0.00 1.00 5.50 1.03 0.98  0.0
197.75 0.9977 7718.00 3405.00 4313.00 7718 7718  7717.00 0.00 0.00 1.00 5.50 1.03 0.98  0.0
198.00 0.9981 7703.00 3358.00 4345.00 7703 7703  7702.00 0.00 0.00 1.00 5.49 1.03 0.98  0.0
198.25 1.0019 7718.00 3393.00 4325.00 7718 7718  7717.00 0.00 0.00 1.00 5.49 1.03 0.98  0.0
198.50 1.0010 7726.00 3386.00 4340.00 7726 7726  7725.00 0.00 0.00 1.00 5.49 1.03 0.98  0.0
198.75 1.0041 7758.00 3423.00 4335.00 7758 7758  7757.00 0.00 0.00 1.00 5.49 1.03 0.98  0.0
199.00 1.0024 7777.00 3452.00 4325.00 7777 7777  7776.00 0.00 0.00 1.00 5.49 1.03 0.98  0.0
199.25 1.0010 7785.00 3477.00 4308.00 7785 7785  7784.00 0.00 0.00 1.00 5.49 1.03 0.98  0.0
199.50 1.0010 7793.00 3491.00 4302.00 7793 7793  7792.00 0.00 0.00 1.00 5.49 1.03 0.98  0.0
199.75 1.0022 7810.00 3520.00 4290.00 7810 7810  7809.00 0.00 0.00 1.00 5.49 1.03 0.98  0.0
200.00 0.9982 7796.00 3507.00 4289.00 7796 7796  7795.00 0.00 0.00 1.00 5.49 1.03 0.98  0.0
200.25 1.0004 7799.00 3498.00 4301.00 7799 7799  7798.00 0.00 0.00 1.00 5.49 1.03 0.98  0.0
200.50 0.9999 7798.00 3478.00 4320.00 7798 7798  7797.00 0.00 0.00 1.00 5.50 1.03 0.98  0.0
200.75 1.0015 7810.00 3498.00 4312.00 7810 7810  7809.00 0.00 0.00 1.00 5.50 1.03 0.98  0.0
201.00 1.0022 7827.00 3513.00 4314.00 7827 7827  7826.00 0.00 0.00 1.00 5.50 1.03 0.98  0.0
201.25 1.0014 7838.00 3516.00 4322.00 7838 7838  7837.00 0.00 0.00 1.00 5.50 1.03 0.98  0.0
201.50 1.0001 7839.00 3532.00 4307.00 7839 7839  7838.00 0.00 0.00 1.00 5.50 1.03 0.98  0.0
201.75 1.0024 7858.00 3550.00 4308.00 7858 7858  7857.00 0.00 0.00 1.00 5.49 1.03 0.98  0.0
202.00 1.0010 7866.00 3550.00 4316.00 7866 7866  7865.00 0.00 0.00 1.00 5.49 1.03 0.98  0.0
202.25 1.0013 7876.00 3559.00 4317.00 7876 7876  7875.00 0.00 0.00 1.00 5.50 1.03 0.98  0.0
202.50 1.0027 7897.00 3585.00 4312.00 7897 7897  7896.00 0.00 0.00 1.00 5.49 1.03 0.98  0.0
202.75 1.0006 7902.00 3590.00 4312.00 7902 7902  7901.00 0.00 0.00 1.00 5.49 1.03 0.98  0.0
203.00 1.0003 7904.00 3592.00 4312.00 7904 7904  7903.00 0.00 0.00 1.00 5.49 1.03 0.98  0.0
203.25 0.9995 7900.00 3571.00 4329.00 7900 7900  7899.00 0.00 0.00 1.00 5.50 1.03 0.98  0.0
203.50 1.0014 7911.00 3588.00 4323.00 7911 7911  7910.00 0.00 0.00 1.00 5.49 1.03 0.98  0.0
203.75 0.9995 7907.00 3571.00 4336.00 7907 7907  7906.00 0.00 0.00 1.00 5.50 1.03 0.98  0.0
204.00 0.9994 7902.00 3575.00 4327.00 7902 7902  7901.00 0.00 0.00 1.00 5.49 1.03 0.98  0.0
204.25 0.9996 7899.00 3556.00 4343.00 7899 7899  7898.00 0.00 0.00 1.00 5.50 1.03 0.98  0.0
204.50 1.0022 7916.00 3583.00 4333.00 7916 7916  7915.00 0.00 0.00 1.00 5.50 1.03 0.98  0.0
204.75 1.0001 7917.00 3574.00 4343.00 7917 7917  7916.00 0.00 0.00 1.00 5.50 1.03 0.98  0.0
205.00 0.9980 7901.00 3539.00 4362.00 7901 7901  7900.00 0.00 0.00 1.00 5.49 1.03 0.98  0.0
205.25 1.0015 7913.00 3555.00 4358.00 7913 7913  7912.00 0.00 0.00 1.00 5.49 1.03 0.98  0.0
205.50 1.0000 7913.00 3551.00 4362.00 7913 7913  7912.00 0.00 0.00 1.00 5.49 1.03 0.98  0.0
205.75 1.0030 7937.00 3589.00 4348.00 7937 7937  7936.00 0.00 0.00 1.00 5.49 1.03 0.98  0.0
206.00 1.0001 7938.00 3590.00 4348.00 7938 7938  7937.00 0.00 0.00 1.00 5.49 1.04 0.98  0.0
206.25 1.0011 7947.00 3579.00 4368.00 7947 7947  7946.00 0.00 0.00 1.00 5.49 1.04 0.98  0.0
206.50 1.0019 7962.00 3590.00 4372.00 7962 7962  7961.00 0.00 0.00 1.00 5.49 1.04 0.98  0.0
206.75 1.0013 7972.00 3601.00 4371.00 7972 7972  7971.00 0.00 0.00 1.00 5.49 1.04 0.98  0.0
207.00 1.0009 7979.00 3608.00 4371.00 7979 7979  7978.00 0.00 0.00 1.00 5.49 1.04 0.98  0.0
207.25 1.0005 7983.00 3606.00 4377.00 7983 7983  7982.00 0.00 0.00 1.00 5.49 1.04 0.98  0.0
207.50 1.0013 7993.00 3617.00 4376.00 7993 7993  7992.00 0.00 0.00 1.00 5.49 1.04 0.98  0.0
207.75 1.0009 8000.00 3627.00 4373.00 8000 8000  7999.00 0.00 0.00 1.00 5.49 1.03 0.98  0.0
208.00 1.0006 8005.00 3637.00 4368.00 8005 8005  8004.00 0.00 0.00 1.00 5.49 1.03 0.98  0.0
208.25 0.9976 7986.00 3605.00 4381.00 7986 7986  7985.00 0.00 0.00 1.00 5.49 1.03 0.98  0.0
208.50 1.0031 8011.00 3627.00 4384.00 8011 8011  8010.00 0.00 0.00 1.00 5.50 1.03 0.98  0.0
208.75 1.0000 8011.00 3619.00 4392.00 8011 8011  8010.00 0.00 0.00 1.00 5.50 1.03 0.98  0.0
209.00 1.0007 8017.00 3615.00 4402.00 8017 8017  8016.00 0.00 0.00 1.00 5.50 1.03 0.98  0.0
209.25 1.0027 8039.00 3646.00 4393.00 8039 8039  8038.00 0.00 0.00 1.00 5.50 1.03 0.98  0.0
209.50 0.9999 8038.00 3636.00 4402.00 8038 8038  8037.00 0.00 0.00 1.00 5.50 1.03 0.98  0.0
209.75 1.0006 8043.00 3649.00 4394.00 8043 8043  8042.00 0.00 0.00 1.00 5.50 1.03 0.98  0.0
210.00 0.9995 8039.00 3633.00 4406.00 8039 8039  8038.00 0.00 0.00 1.00 5.51 1.03 0.98  0.0
210.25 1.0016 8052.00 3654.00 4398.00 8052 8052  8051.00 0.00 0.00 1.00 5.51 1.03 0.98  0.0
210.50 0.9998 8050.00 3661.00 4389.00 8050 8050  8049.00 0.00 0.00 1.00 5.51 1.03 0.98  0.0
210.75 0.9996 8047.00 3665.00 4382.00 8047 8047  8046.00 0.00 0.00 1.00 5.51 1.03 0.98  0.0
211.00 1.0021 8064.00 3687.00 4377.00 8064 8064  8063.00 0.00 0.00 1.00 5.50 1.03 0.98  0.0
211.25 1.0009 8071.00 3717.00 4354.00 8071 8071  8070.00 0.00 0.00 1.00 5.50 1.03 0.98  0.0
211.50 1.0011 8080.00 3743.00 4337.00 8080 8080  8079.00 0.00 0.00 1.00 5.50 1.03 0.98  0.0
211.75 0.9985 8068.00 3710.00 4358.00 8068 8068  8067.00 0.00 0.00 1.00 5.50 1.03 0.98  0.0
212.00 1.0000 8068.00 3699.00 4369.00 8068 8068  8067.00 0.00 0.00 1.00 5.50 1.03 0.98  0.0
212.25 1.0017 8082.00 3723.00 4359.00 8082 8082  8081.00 0.00 0.00 1.00 5.51 1.03 0.98  0.0
212.50 1.0004 8085.00 3727.00 4358.00 8085 8085  8084.00 0.00 0.00 1.00 5.50 1.03 0.98  0.0
212.75 1.0017 8099.00 3750.00 4349.00 8099 8099  8098.00 0.00 0.00 1.00 5.50 1.03 0.98  0.0
213.00 1.0014 8110.00 3751.00 4359.00 8110 8110  8109.00 0.00 0.00 1.00 5.50 1.03 0.98  0.0
213.25 1.0006 8115.00 3749.00 4366.00 8115 8115  8114.00 0.00 0.00 1.00 5.50 1.03 0.98  0.0
213.50 1.0005 8119.00 3751.00 4368.00 8119 8119  8118.00 0.00 0.00 1.00 5.50 1.03 0.98  0.0
213.75 1.0010 8127.00 3755.00 4372.00 8127 8127  8126.00 0.00 0.00 1.00 5.50 1.03 0.98  0.0
214.00 0.9991 8120.00 3766.00 4354.00 8120 8120  8119.00 0.00 0.00 1.00 5.50 1.03 0.98  0.0
214.25 0.9993 8114.00 3754.00 4360.00 8114 8114  8113.00 0.00 0.00 1.00 5.50 1.03 0.98  0.0
214.50 1.0011 8123.00 3759.00 4364.00 8123 8123  8122.00 0.00 0.00 1.00 5.50 1.04 0.98  0.0
214.75 0.9986 8112.00 3746.00 4366.00 8112 8112  8111.00 0.00 0.00 1.00 5.50 1.04 0.98  0.0
215.00 1.0023 8131.00 3777.00 4354.00 8131 8131  8130.00 0.00 0.00 1.00 5.50 1.04 0.98  0.0
215.25 0.9986 8120.00 3769.00 4351.00 8120 8120  8119.00 0.00 0.00 1.00 5.51 1.04 0.98  0.0
215.50 0.9994 8115.00 3755.00 4360.00 8115 8115  8114.00 0.00 0.00 1.00 5.51 1.03 0.98  0.0
215.75 1.0018 8130.00 3749.00 4381.00 8130 8130  8129.00 0.00 0.00 1.00 5.51 1.03 0.98  0.0
216.00 1.0030 8154.00 3766.00 4388.00 8154 8154  8153.00 0.00 0.00 1.00 5.50 1.04 0.98  0.0
216.25 1.0027 8176.00 3783.00 4393.00 8176 8176  8175.00 0.00 0.00 1.00 5.50 1.04 0.98  0.0
216.50 0.9995 8172.00 3757.00 4415.00 8172 8172  8171.00 0.00 0.00 1.00 5.50 1.04 0.98  0.0
216.75 1.0012 8182.00 3771.00 4411.00 8182 8182  8181.00 0.00 0.00 1.00 5.50 1.03 0.98  0.0
217.00 1.0009 8189.00 3791.00 4398.00 8189 8189  8188.00 0.00 0.00 1.00 5.50 1.04 0.98  0.0
217.25 0.9990 8181.00 3776.00 4405.00 8181 8181  8180.00 0.00 0.00 1.00 5.50 1.04 0.98  0.0
217.50 0.9993 8175.00 3751.00 4424.00 8175 8175  8174.00 0.00 0.00 1.00 5.50 1.04 0.98  0.0
217.75 1.0000 8175.00 3740.00 4435.00 8175 8175  8174.00 0.00 0.00 1.00 5.50 1.04 0.98  0.0
218.00 1.0016 8188.00 3752.00 4436.00 8188 8188  8187.00 0.00 0.00 1.00 5.51 1.03 0.98  0.0
218.25 1.0007 8194.00 3742.00 4452.00 8194 8194  8193.00 0.00 0.00 1.00 5.51 1.03 0.98  0.0
218.50 0.9999 8193.00 3748.00 4445.00 8193 8193  8192.00 0.00 0.00 1.00 5.51 1.03 0.98  0.0
218.75 1.0039 8225.00 3791.00 4434.00 8225 8225  8224.00 0.00 0.00 1.00 5.51 1.03 0.98  0.0
219.00 1.0005 8229.00 3791.00 4438.00 8229 8229  8228.00 0.00 0.00 1.00 5.51 1.03 0.98  0.0
219.25 0.9977 8210.00 3758.00 4452.00 8210 8210  8209.00 0.00 0.00 1.00 5.51 1.03 0.98  0.0
219.50 1.0013 8221.00 3781.00 4440.00 8221 8221  8220.00 0.00 0.00 1.00 5.51 1.03 0.98  0.0
219.75 0.9991 8214.00 3771.00 4443.00 8214 8214  8213.00 0.00 0.00 1.00 5.51 1.03 0.98  0.0
220.00 1.0001 8215.00 3768.00 4447.00 8215 8215  8214.00 0.00 0.00 1.00 5.51 1.03 0.98  0.0
220.25 1.0017 8229.00 3797.00 4432.00 8229 8229  8228.00 0.00 0.00 1.00 5.51 1.03 0.98  0.0
220.50 1.0016 8242.00 3791.00 4451.00 8242 8242  8241.00 0.00 0.00 1.00 5.51 1.03 0.98  0.0
220.75 1.0010 8250.00 3793.00 4457.00 8250 8250  8249.00 0.00 0.00 1.00 5.51 1.03 0.98  0.0
221.00 1.0007 8256.00 3790.00 4466.00 8256 8256  8255.00 0.00 0.00 1.00 5.51 1.03 0.98  0.0
221.25 1.0013 8267.00 3794.00 4473.00 8267 8267  8266.00 0.00 0.00 1.00 5.51 1.03 0.98  0.0
221.50 1.0033 8294.00 3834.00 4460.00 8294 8294  8293.00 0.00 0.00 1.00 5.51 1.03 0.98  0.0
221.75 1.0028 8317.00 3857.00 4460.00 8317 8317  8316.00 0.00 0.00 1.00 5.51 1.03 0.98  0.0
222.00 1.0005 8321.00 3872.00 4449.00 8321 8321  8320.00 0.00 0.00 1.00 5.51 1.03 0.98  0.0
222.25 0.9996 8318.00 3861.00 4457.00 8318 8318  8317.00 0.00 0.00 1.00 5.51 1.03 0.98  0.0
222.50 1.0025 8339.00 3905.00 4434.00 8339 8339  8338.00 0.00 0.00 1.00 5.51 1.03 0.98  0.0
222.75 1.0010 8347.00 3919.00 4428.00 8347 8347  8346.00 0.00 0.00 1.00 5.50 1.03 0.98  0.0
223.00 0.9989 8338.00 3912.00 4426.00 8338 8338  8337.00 0.00 0.00 1.00 5.51 1.03 0.98  0.0
223.25 1.0016 8351.00 3909.00 4442.00 8351 8351  8350.00 0.00 0.00 1.00 5.51 1.03 0.98  0.0
223.50 1.0022 8369.00 3916.00 4453.00 8369 8369  8368.00 0.00 0.00 1.00 5.51 1.03 0.98  0.0
223.75 1.0006 8374.00 3914.00 4460.00 8374 8374  8373.00 0.00 0.00 1.00 5.51 1.03 0.98  0.0
224.00 1.0008 8381.00 3925.00 4456.00 8381 8381  8380.00 0.00 0.00 1.00 5.51 1.03 0.98  0.0
224.25 0.9994 8376.00 3929.00 4447.00 8376 8376  8375.00 0.00 0.00 1.00 5.51 1.03 0.98  0.0
224.50 1.0010 8384.00 3949.00 4435.00 8384 8384  8383.00 0.00 0.00 1.00 5.51 1.03 0.98  0.0
224.75 1.0004 8387.00 3968.00 4419.00 8387 8387  8386.00 0.00 0.00 1.00 5.51 1.03 0.98  0.0
225.00 1.0032 8414.00 3994.00 4420.00 8414 8414  8413.00 0.00 0.00 1.00 5.51 1.03 0.98  0.0
225.25 1.0005 8418.00 4004.00 4414.00 8418 8418  8417.00 0.00 0.00 1.00 5.51 1.03 0.98  0.0
225.50 1.0011 8427.00 4017.00 4410.00 8427 8427  8426.00 0.00 0.00 1.00 5.51 1.03 0.98  0.0
225.75 1.0015 8440.00 4037.00 4403.00 8440 8440  8439.00 0.00 0.00 1.00 5.51 1.03 0.98  0.0
226.00 0.9998 8438.00 4002.00 4436.00 8438 8438  8437.00 0.00 0.00 1.00 5.51 1.03 0.98  0.0
226.25 1.0005 8442.00 3987.00 4455.00 8442 8442  8441.00 0.00 0.00 1.00 5.51 1.03 0.98  0.0
226.50 1.0012 8452.00 4015.00 4437.00 8452 8452  8451.00 0.00 0.00 1.00 5.52 1.03 0.98  0.0
226.75 1.0019 8468.00 4032.00 4436.00 8468 8468  8467.00 0.00 0.00 1.00 5.52 1.03 0.98  0.0
227.00 1.0032 8495.00 4074.00 4421.00 8495 8495  8494.00 0.00 0.00 1.00 5.52 1.03 0.98  0.0
227.25 1.0020 8512.00 4099.00 4413.00 8512 8512  8511.00 0.00 0.00 1.00 5.52 1.03 0.98  0.0
227.50 0.9989 8503.00 4063.00 4440.00 8503 8503  8502.00 0.00 0.00 1.00 5.52 1.03 0.98  0.0
227.75 1.0016 8517.00 4065.00 4452.00 8517 8517  8516.00 0.00 0.00 1.00 5.52 1.03 0.98  0.0
228.00 1.0000 8517.00 4074.00 4443.00 8517 8517  8516.00 0.00 0.00 1.00 5.52 1.03 0.98  0.0
228.25 1.0000 8517.00 4086.00 4431.00 8517 8517  8516.00 0.00 0.00 1.00 5.52 1.03 0.98  0.0
228.50 0.9974 8495.00 4048.00 4447.00 8495 8495  8494.00 0.00 0.00 1.00 5.52 1.03 0.98  0.0
228.75 0.9992 8488.00 4029.00 4459.00 8488 8488  8487.00 0.00 0.00 1.00 5.52 1.03 0.98  0.0
229.00 0.9998 8486.00 4000.00 4486.00 8486 8486  8485.00 0.00 0.00 1.00 5.52 1.03 0.98  0.0
229.25 1.0004 8489.00 4008.00 4481.00 8489 8489  8488.00 0.00 0.00 1.00 5.52 1.03 0.98  0.0
229.50 1.0007 8495.00 3987.00 4508.00 8495 8495  8494.00 0.00 0.00 1.00 5.52 1.03 0.98  0.0
229.75 0.9996 8492.00 3963.00 4529.00 8492 8492  8491.00 0.00 0.00 1.00 5.52 1.03 0.98  0.0
230.00 1.0013 8503.00 3986.00 4517.00 8503 8503  8502.00 0.00 0.00 1.00 5.52 1.03 0.98  0.0
230.25 1.0015 8516.00 3993.00 4523.00 8516 8516  8515.00 0.00 0.00 1.00 5.52 1.03 0.98  0.0
230.50 1.0006 8521.00 3998.00 4523.00 8521 8521  8520.00 0.00 0.00 1.00 5.52 1.03 0.98  0.0
230.75 1.0004 8524.00 3997.00 4527.00 8524 8524  8523.00 0.00 0.00 1.00 5.52 1.03 0.98  0.0
231.00 1.0011 8533.00 4008.00 4525.00 8533 8533  8532.00 0.00 0.00 1.00 5.52 1.03 0.98  0.0
231.25 1.0007 8539.00 4005.00 4534.00 8539 8539  8538.00 0.00 0.00 1.00 5.52 1.03 0.98  0.0
231.50 1.0016 8553.00 4034.00 4519.00 8553 8553  8552.00 0.00 0.00 1.00 5.52 1.03 0.98  0.0
231.75 0.9988 8543.00 4019.00 4524.00 8543 8543  8542.00 0.00 0.00 1.00 5.52 1.03 0.98  0.0
232.00 1.0019 8559.00 4041.00 4518.00 8559 8559  8558.00 0.00 0.00 1.00 5.52 1.03 0.98  0.0
232.25 0.9989 8550.00 4021.00 4529.00 8550 8550  8549.00 0.00 0.00 1.00 5.52 1.03 0.98  0.0
232.50 1.0013 8561.00 4023.00 4538.00 8561 8561  8560.00 0.00 0.00 1.00 5.52 1.03 0.98  0.0
232.75 1.0021 8579.00 4040.00 4539.00 8579 8579  8578.00 0.00 0.00 1.00 5.52 1.03 0.98  0.0
233.00 1.0005 8583.00 4042.00 4541.00 8583 8583  8582.00 0.00 0.00 1.00 5.52 1.03 0.98  0.0
233.25 1.0000 8583.00 4010.00 4573.00 8583 8583  8582.00 0.00 0.00 1.00 5.52 1.03 0.98  0.0
233.50 1.0005 8587.00 4015.00 4572.00 8587 8587  8586.00 0.00 0.00 1.00 5.52 1.03 0.98  0.0
233.75 1.0008 8594.00 4017.00 4577.00 8594 8594  8593.00 0.00 0.00 1.00 5.52 1.03 0.98  0.0
234.00 1.0013 8605.00 4051.00 4554.00 8605 8605  8604.00 0.00 0.00 1.00 5.52 1.03 0.98  0.0
234.25 1.0021 8623.00 4064.00 4559.00 8623 8623  8622.00 0.00 0.00 1.00 5.53 1.03 0.98  0.0
234.50 1.0015 8636.00 4079.00 4557.00 8636 8636  8635.00 0.00 0.00 1.00 5.53 1.03 0.98  0.0
234.75 1.0028 8660.00 4109.00 4551.00 8660 8660  8659.00 0.00 0.00 1.00 5.53 1.03 0.98  0.0
235.00 0.9991 8652.00 4107.00 4545.00 8652 8652  8651.00 0.00 0.00 1.00 5.53 1.03 0.98  0.0
235.25 0.9994 8647.00 4079.00 4568.00 8647 8647  8646.00 0.00 0.00 1.00 5.53 1.03 0.98  0.0
235.50 1.0012 8657.00 4076.00 4581.00 8657 8657  8656.00 0.00 0.00 1.00 5.53 1.03 0.98  0.0
235.75 1.0014 8669.00 4073.00 4596.00 8669 8669  8668.00 0.00 0.00 1.00 5.52 1.03 0.98  0.0
236.00 1.0016 8683.00 4098.00 4585.00 8683 8683  8682.00 0.00 0.00 1.00 5.52 1.03 0.98  0.0
236.25 0.9997 8680.00 4086.00 4594.00 8680 8680  8679.00 0.00 0.00 1.00 5.53 1.03 0.98  0.0
236.50 1.0015 8693.00 4115.00 4578.00 8693 8693  8692.00 0.00 0.00 1.00 5.52 1.03 0.98  0.0
236.75 0.9999 8692.00 4104.00 4588.00 8692 8692  8691.00 0.00 0.00 1.00 5.53 1.03 0.98  0.0
237.00 1.0007 8698.00 4103.00 4595.00 8698 8698  8697.00 0.00 0.00 1.00 5.53 1.03 0.98  0.0
237.25 0.9999 8697.00 4110.00 4587.00 8697 8697  8696.00 0.00 0.00 1.00 5.53 1.03 0.98  0.0
237.50 1.0018 8713.00 4145.00 4568.00 8713 8713  8712.00 0.00 0.00 1.00 5.53 1.03 0.98  0.0
237.75 0.9991 8705.00 4127.00 4578.00 8705 8705  8704.00 0.00 0.00 1.00 5.53 1.03 0.98  0.0
238.00 0.9993 8699.00 4112.00 4587.00 8699 8699  8698.00 0.00 0.00 1.00 5.53 1.03 0.98  0.0
238.25 1.0025 8721.00 4114.00 4607.00 8721 8721  8720.00 0.00 0.00 1.00 5.53 1.03 0.98  0.0
238.50 1.0005 8725.00 4095.00 4630.00 8725 8725  8724.00 0.00 0.00 1.00 5.53 1.03 0.98  0.0
238.75 1.0010 8734.00 4099.00 4635.00 8734 8734  8733.00 0.00 0.00 1.00 5.53 1.03 0.98  0.0
239.00 1.0013 8745.00 4111.00 4634.00 8745 8745  8744.00 0.00 0.00 1.00 5.53 1.03 0.98  0.0
239.25 1.0011 8755.00 4106.00 4649.00 8755 8755  8754.00 0.00 0.00 1.00 5.53 1.03 0.98  0.0
239.50 0.9994 8750.00 4088.00 4662.00 8750 8750  8749.00 0.00 0.00 1.00 5.53 1.03 0.98  0.0
239.75 1.0006 8755.00 4100.00 4655.00 8755 8755  8754.00 0.00 0.00 1.00 5.52 1.03 0.98  0.0
240.00 1.0003 8758.00 4100.00 4658.00 8758 8758  8757.00 0.00 0.00 1.00 5.52 1.03 0.98  0.0
